5 0.546207 0.60911 0.14143 0.430989 0.899756
2 0.402454 0.476959 0.156664 0.657253 0.802973
7 0.790862 0.335086 0.128077 0.506564 0.546133
7 0.191216 0.136461 0.0786658 0.175172 0.519313
2 0.111365 0.269879 0.0629176 0.306035 0.472694
5 0.0598557 0.369615 0.0766523 0.168116 0.467852
8 0.510428 0.700305 0.979145 0.599389 0.394664
2 0.322336 0.219189 0.0684329 0.224391 0.388881
7 0.0475702 0.186822 0.0949848 0.305534 0.314779
2 0.02625 0.468905 0.0525 0.227893 0.293036
5 0.209225 0.28349 0.0489891 0.144473 0.261709
2 0.261412 0.229166 0.0762231 0.273539 0.251968
