0 0.202843 0.798384 0.405103 0.392409 0.853904
7 0.943515 0.623785 0.112971 0.75243 0.790644
7 0.379838 0.61451 0.0605448 0.278488 0.608162
7 0.803699 0.645274 0.0883537 0.39037 0.601103
7 0.727364 0.624762 0.066456 0.316837 0.48752
7 0.631678 0.619457 0.0757725 0.367629 0.386353
7 0.279337 0.587327 0.0631125 0.219289 0.345288
7 0.431725 0.614938 0.0514698 0.273364 0.340679
7 0.49049 0.61647 0.0908478 0.341772 0.334021
7 0.475641 0.615127 0.0892763 0.321452 0.320891
7 0.567743 0.623772 0.0626976 0.332742 0.302775
7 0.686086 0.629409 0.0549967 0.334045 0.289728
