9 0.692254 0.72617 0.193291 0.208634 0.669623
7 0.812413 0.706212 0.0744677 0.245077 0.540642
6 0.152396 0.7816 0.172149 0.160857 0.521262
0 0.150507 0.781972 0.169355 0.153077 0.482606
7 0.296593 0.657825 0.051002 0.136088 0.478527
7 0.52004 0.705354 0.0763691 0.285254 0.438581
9 0.217217 0.713778 0.206745 0.260952 0.424781
7 0.740719 0.634207 0.0502384 0.130367 0.40327
7 0.144191 0.655905 0.0700512 0.169104 0.389905
9 0.969449 0.698181 0.0604538 0.176942 0.387793
7 0.62774 0.702208 0.067931 0.264568 0.339071
7 0.351424 0.680641 0.0507636 0.169435 0.325319
7 0.242392 0.634412 0.0542165 0.116824 0.287071
9 0.158658 0.71783 0.312549 0.250011 0.283296
