7 0.107416 0.526843 0.214156 0.946314 0.724178
7 0.406882 0.59275 0.179085 0.382915 0.54207
5 0.438497 0.797384 0.050132 0.13423 0.470217
2 0.661807 0.918954 0.0804676 0.162092 0.456763
7 0.63165 0.347045 0.0973033 0.225118 0.402477
7 0.525786 0.347177 0.08674 0.241815 0.401239
7 0.417029 0.341901 0.0853388 0.222528 0.398079
2 0.736897 0.914246 0.0740888 0.171507 0.356802
5 0.428363 0.765368 0.0629854 0.152262 0.349309
7 0.636188 0.559938 0.22353 0.308147 0.317103
5 0.422894 0.753252 0.0471525 0.132961 0.253615
