2 0.697131 0.478657 0.114294 0.319552 0.671912
5 0.85309 0.713718 0.107517 0.169036 0.650453
8 0.499775 0.678809 0.994743 0.642382 0.615443
2 0.513427 0.579492 0.100733 0.249499 0.550377
5 0.716474 0.658099 0.082522 0.164548 0.48942
10 0.0996424 0.490303 0.199285 0.179877 0.445674
5 0.838451 0.70667 0.148998 0.184728 0.353971
10 0.105609 0.452933 0.20624 0.170557 0.337104
5 0.524728 0.764878 0.217355 0.225733 0.327617
5 0.618782 0.703795 0.0990311 0.139433 0.311901
5 0.51914 0.763344 0.154532 0.21878 0.28518
