5 0.0358256 0.658021 0.0716511 0.288295 0.870338
5 0.600937 0.853104 0.130102 0.293518 0.86521
5 0.428184 0.866171 0.183347 0.267659 0.814594
7 0.267481 0.512673 0.192593 0.506852 0.754312
5 0.743978 0.951671 0.130713 0.0966576 0.711863
7 0.887007 0.537661 0.214434 0.624641 0.621537
2 0.223605 0.821076 0.0960106 0.353577 0.620746
5 0.695417 0.74253 0.103513 0.418246 0.597762
5 0.312282 0.866744 0.114864 0.265003 0.5872
7 0.116282 0.475773 0.134073 0.481831 0.531892
8 0.501068 0.855673 0.997863 0.288654 0.435591
7 0.0302516 0.460972 0.0604194 0.257272 0.375676
8 0.332778 0.824686 0.662929 0.350628 0.303457
7 0.0227039 0.456696 0.0451676 0.232077 0.292085
5 0.687032 0.687706 0.107718 0.303108 0.250628
