5 0.591881 0.826019 0.0587703 0.120717 0.667421
7 0.148437 0.627698 0.156632 0.385022 0.648748
7 0.36167 0.541103 0.109851 0.246347 0.636517
7 0.7777 0.675397 0.146853 0.540713 0.630352
5 0.664721 0.796403 0.0546528 0.152503 0.609917
8 0.938734 0.740774 0.122533 0.425979 0.585282
8 0.415406 0.83972 0.729792 0.320448 0.574322
7 0.586297 0.562611 0.165294 0.33503 0.545567
5 0.665356 0.814249 0.0499466 0.10609 0.424159
7 0.147583 0.708906 0.179537 0.555034 0.370703
7 0.48128 0.298683 0.145346 0.27032 0.337477
7 0.353872 0.386491 0.0788382 0.165268 0.313142
7 0.303699 0.3585 0.0907657 0.202243 0.309907
7 0.344129 0.376195 0.0748654 0.166539 0.299336
7 0.529409 0.30144 0.29698 0.264333 0.294535
5 0.235767 0.728101 0.0606274 0.109105 0.277086
