5 0.614017 0.672077 0.120679 0.305035 0.700398
4 0.642332 0.364386 0.54226 0.486274 0.698095
5 0.0986247 0.842165 0.197249 0.314722 0.591945
2 0.449551 0.673841 0.17951 0.328844 0.585743
8 0.5 0.80801 1 0.383845 0.548013
5 0.171675 0.773734 0.203426 0.439248 0.528395
5 0.519026 0.814099 0.182383 0.371802 0.486081
2 0.826283 0.602029 0.14657 0.274543 0.429389
5 0.828363 0.603202 0.143848 0.275952 0.408595
2 0.962725 0.539806 0.0740898 0.568593 0.389897
5 0.766657 0.763345 0.161441 0.378941 0.363672
5 0.37811 0.912115 0.106613 0.172502 0.319654
