5 0.761896 0.865905 0.170654 0.26819 0.871393
8 0.499398 0.828202 0.998796 0.343596 0.870658
7 0.0874645 0.52224 0.174655 0.546361 0.735865
5 0.197503 0.824618 0.13867 0.275838 0.717778
5 0.615576 0.916041 0.1261 0.167918 0.692261
5 0.312552 0.762275 0.0901497 0.275192 0.635644
7 0.907632 0.509022 0.18164 0.432629 0.517194
5 0.654617 0.669617 0.0662972 0.189403 0.489188
5 0.377652 0.662655 0.0704628 0.207127 0.366797
7 0.498367 0.451699 0.19522 0.324786 0.308438
2 0.459133 0.63831 0.086866 0.33976 0.298327
5 0.649824 0.667097 0.0888668 0.203934 0.27054
