9 0.283894 0.798313 0.354708 0.214687 0.726655
9 0.748095 0.678745 0.123902 0.107274 0.506193
3 0.157908 0.635664 0.18881 0.122148 0.473568
9 0.213371 0.69468 0.295054 0.126407 0.431906
9 0.966882 0.691193 0.0655064 0.122794 0.343194
9 0.614578 0.67937 0.0958635 0.1101 0.307925
6 0.0467302 0.69255 0.0705295 0.113964 0.297073
9 0.555823 0.68147 0.100443 0.104592 0.27967
9 0.492283 0.644121 0.0863476 0.0985094 0.272189
9 0.875859 0.673519 0.0777027 0.104899 0.271215
9 0.916438 0.676868 0.10672 0.105567 0.257082
