2 0.559117 0.45782 0.104967 0.282079 0.747329
5 0.160795 0.508912 0.14755 0.309378 0.745507
2 0.458599 0.416685 0.13096 0.624273 0.697442
2 0.871507 0.533619 0.129227 0.45435 0.582379
2 0.809998 0.265207 0.0769298 0.249087 0.511748
2 0.46301 0.33799 0.120458 0.466439 0.508422
2 0.721373 0.278899 0.0950273 0.290383 0.416493
8 0.496258 0.59803 0.98847 0.80394 0.353399
5 0.777243 0.529273 0.133064 0.257603 0.333632
5 0.332929 0.487527 0.0995562 0.184058 0.33323
2 0.848512 0.525184 0.149976 0.46211 0.254093
