6 0.88886 0.625728 0.215119 0.499827 0.829328
7 0.785335 0.289469 0.081427 0.252263 0.659348
6 0.654564 0.548769 0.151633 0.327348 0.634815
6 0.30483 0.486645 0.172011 0.196045 0.631566
6 0.567089 0.529102 0.165022 0.302641 0.574644
6 0.774633 0.551764 0.155675 0.323334 0.572686
6 0.444643 0.496203 0.178825 0.237228 0.569274
7 0.879917 0.329562 0.0924095 0.2135 0.457428
7 0.292695 0.339797 0.0709361 0.235345 0.407704
6 0.224639 0.468994 0.110364 0.164978 0.405309
7 0.445335 0.311164 0.0746399 0.203407 0.402281
6 0.0789989 0.423587 0.157309 0.153161 0.394602
6 0.16122 0.45844 0.106475 0.150796 0.392259
7 0.360932 0.315123 0.0611083 0.216161 0.368627
6 0.419305 0.496329 0.142951 0.252872 0.254212
