9 0.707195 0.528496 0.202465 0.303393 0.844976
0 0.230295 0.850895 0.426657 0.294176 0.840219
9 0.423849 0.468078 0.221523 0.270204 0.631753
0 0.351569 0.580233 0.205858 0.198897 0.602744
7 0.555689 0.506844 0.0918329 0.386844 0.571613
0 0.859123 0.855254 0.280381 0.284742 0.49876
7 0.22212 0.54739 0.0853928 0.440858 0.426745
7 0.340253 0.430965 0.073239 0.225197 0.403343
7 0.928203 0.688329 0.129308 0.58276 0.385288
0 0.787106 0.630344 0.173228 0.244947 0.352689
7 0.867502 0.465267 0.103352 0.297943 0.278518
6 0.789372 0.632635 0.17057 0.225998 0.27552
7 0.275626 0.396306 0.0493248 0.173985 0.266542
9 0.898294 0.425451 0.090852 0.121817 0.263134
7 0.0857953 0.381501 0.0536554 0.140857 0.260597
7 0.861677 0.533853 0.102889 0.44523 0.252125
