1 0.532142 0.833613 0.256717 0.26628 0.865409
1 0.0821271 0.605371 0.15687 0.146243 0.781494
1 0.321312 0.763567 0.131798 0.169884 0.756891
1 0.210046 0.677215 0.129539 0.126935 0.609894
1 0.742663 0.631741 0.101265 0.12566 0.569162
1 0.65302 0.548782 0.147554 0.132126 0.546203
1 0.32196 0.894811 0.13537 0.174267 0.524518
1 0.791456 0.543737 0.091744 0.0909729 0.452102
1 0.876071 0.650617 0.117975 0.115952 0.441451
1 0.923604 0.528456 0.12425 0.121118 0.345484
1 0.0790482 0.600706 0.140605 0.112601 0.332725
1 0.909347 0.60789 0.134521 0.1038 0.265976
