2 0.9492187500 0.3640625000 0.0703125000 0.1968750000
2 0.7710937500 0.3781250000 0.0671875000 0.1937500000
2 0.6117187500 0.3671875000 0.0421875000 0.1593750000
2 0.5062500000 0.3867187500 0.0531250000 0.2046875000
2 0.2656250000 0.4125000000 0.0437500000 0.1437500000
2 0.1234375000 0.3914062500 0.0406250000 0.1515625000
2 0.1070312500 0.7835937500 0.0765625000 0.2109375000
2 0.8289062500 0.6789062500 0.0828125000 0.2390625000
2 0.8976562500 0.6523437500 0.0765625000 0.2171875000
2 0.9703125000 0.6250000000 0.0593750000 0.2531250000
