7 0.4296875000 0.6421875000 0.0562500000 0.1468750000
0 0.4375000000 0.7664062500 0.1281250000 0.1859375000
9 0.2007812500 0.7148437500 0.1921875000 0.1890625000
9 0.1859375000 0.6085937500 0.1281250000 0.0890625000
9 0.5625000000 0.6500000000 0.1343750000 0.1781250000
9 0.5289062500 0.5703125000 0.0765625000 0.0906250000
9 0.6765625000 0.6226562500 0.1000000000 0.1515625000
9 0.7945312500 0.6757812500 0.1453125000 0.1828125000
9 0.9382812500 0.6984375000 0.1234375000 0.2375000000
3 0.3578125000 0.5429687500 0.2281250000 0.3578125000
