4 0.4390625000 0.7062500000 0.0781250000 0.2218750000
6 0.9414062500 0.5015625000 0.1171875000 0.4000000000
9 0.8804687500 0.4101562500 0.1765625000 0.4171875000
9 0.1921875000 0.4898437500 0.3843750000 0.4640625000
9 0.4125000000 0.4742187500 0.2812500000 0.2921875000
9 0.5429687500 0.4406250000 0.1234375000 0.2750000000
9 0.6062500000 0.4429687500 0.0687500000 0.2078125000
9 0.6585937500 0.4601562500 0.0734375000 0.1984375000
9 0.7109375000 0.4578125000 0.0562500000 0.1437500000
9 0.7625000000 0.4585937500 0.0562500000 0.1234375000
