6 0.6343750000 0.8515625000 0.3437500000 0.2968750000
6 0.2906250000 0.8367187500 0.2250000000 0.3265625000
7 0.5929687500 0.7250000000 0.1234375000 0.5343750000
7 0.2625000000 0.6843750000 0.1125000000 0.4218750000
7 0.4515625000 0.5632812500 0.0843750000 0.2421875000
7 0.4164062500 0.5898437500 0.0859375000 0.2796875000
7 0.5390625000 0.5414062500 0.0656250000 0.2484375000
7 0.7367187500 0.5773437500 0.0734375000 0.3359375000
7 0.8171875000 0.4539062500 0.0968750000 0.3203125000
7 0.8867187500 0.4617187500 0.0484375000 0.2640625000
7 0.9437500000 0.4570312500 0.0625000000 0.2859375000
7 0.1617187500 0.5890625000 0.0984375000 0.2562500000
7 0.3500000000 0.5703125000 0.0625000000 0.2781250000
