7 0.2914062500 0.6234375000 0.1453125000 0.4781250000
7 0.3351562500 0.6093750000 0.1015625000 0.4093750000
7 0.5648437500 0.5304687500 0.0578125000 0.1796875000
7 0.7492187500 0.5234375000 0.0828125000 0.2656250000
9 0.8250000000 0.7156250000 0.3500000000 0.5687500000
9 0.2250000000 0.5484375000 0.0812500000 0.1875000000
6 0.5929687500 0.7250000000 0.2765625000 0.4468750000
6 0.5578125000 0.6992187500 0.2625000000 0.3421875000
6 0.5125000000 0.6843750000 0.2718750000 0.3187500000
0 0.1929687500 0.5632812500 0.0265625000 0.0921875000
