6 0.3015625000 0.8156250000 0.2843750000 0.3687500000
10 0.5750000000 0.7328125000 0.1312500000 0.1500000000
10 0.7070312500 0.6789062500 0.0765625000 0.1203125000
10 0.6539062500 0.6695312500 0.0640625000 0.0734375000
10 0.5875000000 0.6437500000 0.0656250000 0.0437500000
10 0.5312500000 0.6429687500 0.0656250000 0.0546875000
10 0.6484375000 0.6320312500 0.0531250000 0.0421875000
10 0.6953125000 0.6234375000 0.0593750000 0.0187500000
10 0.5406250000 0.5664062500 0.0656250000 0.0359375000
10 0.4828125000 0.5679687500 0.0468750000 0.0390625000
7 0.2804687500 0.6335937500 0.0515625000 0.1171875000
7 0.3101562500 0.5890625000 0.0421875000 0.0687500000
7 0.3460937500 0.5992187500 0.0546875000 0.0515625000
7 0.4625000000 0.5773437500 0.0437500000 0.0859375000
7 0.4101562500 0.5882812500 0.0359375000 0.0796875000
7 0.6820312500 0.5742187500 0.0453125000 0.0859375000
7 0.7484375000 0.6023437500 0.0312500000 0.0734375000
7 0.7835937500 0.5914062500 0.0234375000 0.0796875000
7 0.8226562500 0.5875000000 0.0203125000 0.0531250000
9 0.9679687500 0.5585937500 0.0578125000 0.0703125000
6 0.0250000000 0.7093750000 0.0437500000 0.2562500000
8 0.6093750000 0.6960937500 0.1468750000 0.1109375000
