9 0.0562500000 0.5640625000 0.1125000000 0.3718750000
3 0.5257812500 0.5226562500 0.9109375000 0.9296875000
7 0.9609375000 0.7218750000 0.0781250000 0.4531250000
7 0.9859375000 0.7601562500 0.0281250000 0.3828125000
7 0.4132812500 0.1203125000 0.0484375000 0.1562500000
7 0.2492187500 0.1531250000 0.0515625000 0.1468750000
7 0.3046875000 0.1585937500 0.0593750000 0.1140625000
7 0.3734375000 0.1382812500 0.0531250000 0.0984375000
7 0.1453125000 0.1179687500 0.0531250000 0.1890625000
7 0.0570312500 0.2320312500 0.0765625000 0.2015625000
7 0.0226562500 0.1976562500 0.0453125000 0.1828125000
7 0.0835937500 0.0468750000 0.0296875000 0.0937500000
7 0.0578125000 0.0476562500 0.0218750000 0.0953125000
7 0.0250000000 0.0570312500 0.0437500000 0.1140625000
