8 0.7187500000 0.8351562500 0.5625000000 0.3296875000
8 0.1125000000 0.7187500000 0.2250000000 0.1937500000
8 0.2296875000 0.5773437500 0.2031250000 0.0953125000
8 0.8687500000 0.6437500000 0.1250000000 0.1468750000
10 0.7343750000 0.6742187500 0.1500000000 0.1671875000
10 0.9421875000 0.6679687500 0.1156250000 0.1453125000
10 0.6820312500 0.5867187500 0.1015625000 0.1921875000
10 0.6226562500 0.5500000000 0.0671875000 0.1781250000
10 0.4046875000 0.6195312500 0.0781250000 0.2078125000
10 0.2750000000 0.7460937500 0.0937500000 0.2890625000
10 0.1539062500 0.8312500000 0.1578125000 0.3375000000
10 0.0343750000 0.6390625000 0.0687500000 0.1968750000
10 0.1070312500 0.5695312500 0.1046875000 0.1234375000
7 0.3156250000 0.5414062500 0.0343750000 0.2171875000
7 0.2609375000 0.5226562500 0.0593750000 0.2109375000
7 0.7789062500 0.5437500000 0.0765625000 0.1531250000
7 0.8976562500 0.5257812500 0.0609375000 0.1609375000
7 0.9539062500 0.5445312500 0.0828125000 0.2328125000
