7 0.2875000000 0.4992187500 0.1125000000 0.3765625000
7 0.4625000000 0.5312500000 0.0750000000 0.2531250000
7 0.1296875000 0.5742187500 0.1593750000 0.2734375000
7 0.9171875000 0.5406250000 0.0750000000 0.2562500000
7 0.8234375000 0.4171875000 0.0937500000 0.2500000000
7 0.7109375000 0.4351562500 0.0312500000 0.1828125000
7 0.6687500000 0.4351562500 0.0500000000 0.2359375000
7 0.6265625000 0.4109375000 0.0656250000 0.1750000000
7 0.5507812500 0.4218750000 0.0484375000 0.2531250000
7 0.5195312500 0.4250000000 0.0546875000 0.2031250000
7 0.4390625000 0.4031250000 0.0625000000 0.1968750000
7 0.3906250000 0.4023437500 0.0468750000 0.1609375000
7 0.1898437500 0.4375000000 0.0515625000 0.1281250000
10 0.1023437500 0.6882812500 0.2046875000 0.3046875000
