3 0.4851562500 0.6078125000 0.7765625000 0.2843750000
7 0.3835937500 0.6000000000 0.0234375000 0.1312500000
7 0.4265625000 0.5953125000 0.0312500000 0.1281250000
7 0.3554687500 0.5750000000 0.0390625000 0.0843750000
7 0.3031250000 0.5523437500 0.0375000000 0.1421875000
7 0.2617187500 0.5820312500 0.0265625000 0.0828125000
7 0.1875000000 0.5710937500 0.0531250000 0.0609375000
7 0.4742187500 0.5765625000 0.0265625000 0.0781250000
7 0.5125000000 0.5695312500 0.0312500000 0.0765625000
7 0.6781250000 0.5429687500 0.0343750000 0.0859375000
7 0.7132812500 0.5429687500 0.0328125000 0.0671875000
7 0.7617187500 0.5437500000 0.0359375000 0.0875000000
7 0.5820312500 0.5882812500 0.0421875000 0.1359375000
