2 0.3773437500 0.7843750000 0.1015625000 0.4312500000
2 0.4820312500 0.7132812500 0.0953125000 0.4046875000
2 0.5242187500 0.6500000000 0.0703125000 0.2593750000
2 0.6046875000 0.6414062500 0.0468750000 0.1859375000
2 0.5648437500 0.5375000000 0.0796875000 0.1375000000
2 0.7085937500 0.5140625000 0.0828125000 0.1812500000
5 0.5945312500 0.8164062500 0.0515625000 0.1890625000
7 0.9320312500 0.6414062500 0.1359375000 0.7171875000
7 0.7710937500 0.4625000000 0.1328125000 0.3125000000
7 0.8398437500 0.3640625000 0.1453125000 0.3343750000
7 0.8414062500 0.6062500000 0.0859375000 0.2000000000
7 0.5851562500 0.3976562500 0.0953125000 0.1859375000
7 0.6351562500 0.3851562500 0.0953125000 0.1578125000
7 0.5101562500 0.3601562500 0.0890625000 0.2859375000
7 0.4375000000 0.3765625000 0.1812500000 0.3343750000
7 0.2273437500 0.3390625000 0.1671875000 0.6343750000
7 0.0867187500 0.5132812500 0.1734375000 0.9734375000
