2 0.5109375000 0.6820312500 0.0343750000 0.1890625000
2 0.4632812500 0.6593750000 0.0328125000 0.1781250000
2 0.4265625000 0.6734375000 0.0312500000 0.2000000000
2 0.5937500000 0.6609375000 0.0500000000 0.2187500000
5 0.6437500000 0.6906250000 0.0343750000 0.0968750000
5 0.6578125000 0.7125000000 0.0437500000 0.0812500000
5 0.3835937500 0.6953125000 0.0578125000 0.1468750000
5 0.3531250000 0.7054687500 0.0437500000 0.0765625000
8 0.5101562500 0.8054687500 0.4109375000 0.2484375000
7 0.2890625000 0.5945312500 0.0906250000 0.2359375000
7 0.4429687500 0.5375000000 0.1109375000 0.2593750000
7 0.6046875000 0.5460937500 0.1156250000 0.2484375000
7 0.8617187500 0.6804687500 0.1484375000 0.3953125000
7 0.1867187500 0.5945312500 0.1765625000 0.5953125000
7 0.0523437500 0.5226562500 0.1046875000 0.8078125000
