10 0.6976562500 0.7695312500 0.1265625000 0.2796875000
10 0.8445312500 0.7757812500 0.1296875000 0.2890625000
10 0.8648437500 0.6312500000 0.1046875000 0.0593750000
10 0.7195312500 0.6031250000 0.0515625000 0.1468750000
10 0.6484375000 0.5898437500 0.0562500000 0.1078125000
10 0.5703125000 0.5851562500 0.0562500000 0.1203125000
8 0.8453125000 0.7734375000 0.2531250000 0.3343750000
7 0.3421875000 0.6218750000 0.0750000000 0.4562500000
7 0.4859375000 0.5781250000 0.0968750000 0.3593750000
7 0.5281250000 0.5226562500 0.0375000000 0.2359375000
7 0.5734375000 0.5000000000 0.0437500000 0.1843750000
7 0.6156250000 0.4593750000 0.0250000000 0.0906250000
7 0.6406250000 0.5210937500 0.0468750000 0.1953125000
7 0.7109375000 0.5187500000 0.0562500000 0.2375000000
7 0.7664062500 0.4601562500 0.0296875000 0.0765625000
