7 0.6789062500 0.7382812500 0.1390625000 0.2921875000
7 0.7453125000 0.6445312500 0.0718750000 0.1546875000
7 0.9062500000 0.5164062500 0.0437500000 0.1359375000
7 0.6859375000 0.4710937500 0.0593750000 0.1359375000
7 0.5250000000 0.4984375000 0.0500000000 0.1750000000
7 0.0429687500 0.5765625000 0.0859375000 0.1906250000
7 0.3406250000 0.4039062500 0.0593750000 0.2078125000
7 0.6375000000 0.2476562500 0.0500000000 0.1484375000
7 0.6968750000 0.2421875000 0.0406250000 0.1062500000
7 0.9539062500 0.4781250000 0.0328125000 0.0906250000
7 0.7773437500 0.2328125000 0.0453125000 0.1437500000
7 0.5250000000 0.2453125000 0.0531250000 0.1093750000
7 0.3007812500 0.4085937500 0.0203125000 0.0546875000
