5 0.3195312500 0.8640625000 0.1265625000 0.1906250000
5 0.1132812500 0.8031250000 0.1265625000 0.1375000000
5 0.5039062500 0.8539062500 0.1703125000 0.1484375000
5 0.7507812500 0.9015625000 0.1296875000 0.1406250000
5 0.9273437500 0.9421875000 0.1453125000 0.1156250000
8 0.5031250000 0.8664062500 0.9937500000 0.2671875000
7 0.4171875000 0.6085937500 0.1656250000 0.4078125000
7 0.5617187500 0.4554687500 0.1796875000 0.5734375000
7 0.8046875000 0.4359375000 0.3343750000 0.6218750000
2 0.6101562500 0.7250000000 0.1234375000 0.2687500000
