3 0.2460937500 0.5242187500 0.4171875000 0.4953125000
7 0.4085937500 0.7460937500 0.2546875000 0.5078125000
7 0.3070312500 0.7390625000 0.1171875000 0.2687500000
7 0.5007812500 0.6820312500 0.1078125000 0.3234375000
7 0.7875000000 0.7648437500 0.1687500000 0.4046875000
7 0.9640625000 0.7789062500 0.0718750000 0.4421875000
7 0.8585937500 0.6078125000 0.0609375000 0.2031250000
7 0.6343750000 0.6789062500 0.0625000000 0.2578125000
7 0.5750000000 0.6898437500 0.0718750000 0.3109375000
7 0.6789062500 0.6328125000 0.0484375000 0.2156250000
