7 0.9226562500 0.6085937500 0.0546875000 0.1828125000
7 0.1820312500 0.5835937500 0.0609375000 0.2453125000
7 0.1546875000 0.5617187500 0.0500000000 0.2046875000
7 0.1265625000 0.5562500000 0.0625000000 0.2312500000
7 0.0937500000 0.5609375000 0.0531250000 0.2406250000
7 0.0648437500 0.5593750000 0.0515625000 0.2406250000
7 0.0320312500 0.5585937500 0.0546875000 0.2453125000
9 0.2664062500 0.6148437500 0.0484375000 0.1453125000
9 0.3210937500 0.6085937500 0.0515625000 0.1453125000
9 0.8406250000 0.6437500000 0.1562500000 0.2125000000
3 0.5335937500 0.4750000000 0.3984375000 0.6968750000
