10 0.2640625000 0.7789062500 0.2375000000 0.4359375000
10 0.5109375000 0.8140625000 0.2843750000 0.3718750000
10 0.6593750000 0.7843750000 0.1625000000 0.4312500000
10 0.5031250000 0.5710937500 0.0906250000 0.1765625000
10 0.3578125000 0.5695312500 0.1531250000 0.1234375000
10 0.4765625000 0.4796875000 0.0718750000 0.1875000000
10 0.7656250000 0.7218750000 0.1781250000 0.3687500000
10 0.9351562500 0.8484375000 0.1265625000 0.3031250000
10 0.9273437500 0.5507812500 0.0953125000 0.1109375000
10 0.9125000000 0.4492187500 0.0437500000 0.0703125000
8 0.4460937500 0.7695312500 0.3859375000 0.4609375000
8 0.9617187500 0.4703125000 0.0765625000 0.1093750000
8 0.8882812500 0.4593750000 0.1078125000 0.0656250000
8 0.6632812500 0.7023437500 0.2046875000 0.4078125000
7 0.7875000000 0.6109375000 0.1312500000 0.5562500000
7 0.5664062500 0.4742187500 0.1609375000 0.4109375000
7 0.6375000000 0.3640625000 0.0968750000 0.2093750000
7 0.2140625000 0.4109375000 0.1375000000 0.3531250000
