8 0.5000000000 0.7789062500 1.0000000000 0.4421875000
2 0.5890625000 0.7625000000 0.1375000000 0.4750000000
5 0.6937500000 0.8351562500 0.1375000000 0.3296875000
5 0.3945312500 0.8250000000 0.1390625000 0.3500000000
5 0.4539062500 0.6015625000 0.0734375000 0.1937500000
5 0.1687500000 0.7710937500 0.1343750000 0.2984375000
5 0.7773437500 0.5835937500 0.0546875000 0.1390625000
7 0.9125000000 0.3804687500 0.1750000000 0.4859375000
7 0.7804687500 0.3460937500 0.0984375000 0.2484375000
7 0.5843750000 0.3500000000 0.2000000000 0.4000000000
7 0.2804687500 0.3468750000 0.2703125000 0.5000000000
