2 0.1796875000 0.6320312500 0.0593750000 0.2109375000
2 0.7445312500 0.8679687500 0.0640625000 0.1234375000
7 0.8414062500 0.4406250000 0.2078125000 0.3437500000
7 0.8796875000 0.7023437500 0.2406250000 0.3515625000
7 0.3257812500 0.4335937500 0.1984375000 0.4265625000
8 0.1445312500 0.4906250000 0.1453125000 0.1937500000
8 0.1976562500 0.7984375000 0.3953125000 0.2875000000
10 0.6015625000 0.4859375000 0.7968750000 0.3718750000
10 0.8078125000 0.8218750000 0.3843750000 0.3562500000
5 0.0539062500 0.7164062500 0.0609375000 0.1328125000
5 0.4578125000 0.4835937500 0.0562500000 0.1046875000
