3 0.5617187500 0.6289062500 0.1796875000 0.3609375000
9 0.3460937500 0.5062500000 0.1390625000 0.0812500000
9 0.7117187500 0.7125000000 0.0859375000 0.2062500000
9 0.8078125000 0.6703125000 0.0781250000 0.1468750000
9 0.8710937500 0.6296875000 0.1015625000 0.1187500000
9 0.7750000000 0.5585937500 0.0781250000 0.1328125000
9 0.7156250000 0.5812500000 0.0875000000 0.1312500000
9 0.6671875000 0.5968750000 0.0656250000 0.1031250000
9 0.6179687500 0.5234375000 0.0578125000 0.1187500000
9 0.6328125000 0.4570312500 0.0343750000 0.0828125000
9 0.6765625000 0.4914062500 0.0625000000 0.0703125000
9 0.7234375000 0.4890625000 0.0531250000 0.1218750000
9 0.8070312500 0.4500000000 0.0515625000 0.0781250000
9 0.8460937500 0.4718750000 0.0609375000 0.0687500000
9 0.9335937500 0.4742187500 0.0890625000 0.0671875000
9 0.7359375000 0.4351562500 0.0968750000 0.0828125000
9 0.6562500000 0.4328125000 0.0812500000 0.0875000000
9 0.5890625000 0.4164062500 0.1000000000 0.1265625000
9 0.5226562500 0.4054687500 0.0671875000 0.0640625000
9 0.4601562500 0.4101562500 0.0484375000 0.0921875000
9 0.5632812500 0.3421875000 0.0984375000 0.1156250000
9 0.0867187500 0.4601562500 0.0859375000 0.1046875000
9 0.1281250000 0.4750000000 0.0687500000 0.0937500000
9 0.3265625000 0.3765625000 0.0500000000 0.0562500000
9 0.3750000000 0.3195312500 0.0500000000 0.0765625000
6 0.2234375000 0.4492187500 0.0625000000 0.1015625000
6 0.8289062500 0.8078125000 0.0609375000 0.1312500000
6 0.9054687500 0.8367187500 0.0796875000 0.1140625000
6 0.9320312500 0.7523437500 0.0453125000 0.0828125000
6 0.9671875000 0.6859375000 0.0656250000 0.1062500000
6 0.9226562500 0.6406250000 0.0640625000 0.0937500000
