7 0.4085937500 0.4804687500 0.1296875000 0.2734375000
7 0.2328125000 0.4718750000 0.1437500000 0.2656250000
7 0.8687500000 0.2437500000 0.1312500000 0.3062500000
7 0.8796875000 0.4890625000 0.0968750000 0.2187500000
7 0.9046875000 0.7250000000 0.1781250000 0.5500000000
7 0.7625000000 0.4148437500 0.1500000000 0.3234375000
7 0.6117187500 0.4476562500 0.1359375000 0.3109375000
8 0.4000000000 0.8281250000 0.5031250000 0.3437500000
8 0.7453125000 0.7835937500 0.5062500000 0.4328125000
2 0.7953125000 0.7703125000 0.0781250000 0.2750000000
2 0.3296875000 0.6765625000 0.0687500000 0.2031250000
5 0.7531250000 0.6210937500 0.0687500000 0.0484375000
5 0.4445312500 0.8687500000 0.0484375000 0.1687500000
5 0.2664062500 0.6625000000 0.0421875000 0.1468750000
5 0.3929687500 0.6695312500 0.0515625000 0.1015625000
5 0.6289062500 0.6140625000 0.0453125000 0.0968750000
5 0.5898437500 0.6695312500 0.0703125000 0.0734375000
