8 0.9421875000 0.8539062500 0.1156250000 0.2921875000
8 0.2984375000 0.7257812500 0.2000000000 0.3515625000
10 0.7468750000 0.7867187500 0.2812500000 0.4265625000
10 0.8117187500 0.7515625000 0.2171875000 0.4656250000
10 0.8734375000 0.6140625000 0.1562500000 0.3187500000
10 0.4328125000 0.6320312500 0.1156250000 0.3203125000
10 0.0921875000 0.7945312500 0.1843750000 0.4109375000
7 0.1867187500 0.6734375000 0.1609375000 0.5062500000
7 0.3476562500 0.6539062500 0.1234375000 0.4640625000
10 0.6585937500 0.5578125000 0.1078125000 0.2718750000
8 0.5585937500 0.5960937500 0.1203125000 0.2640625000
