8 0.5796875000 0.6343750000 0.5843750000 0.7312500000
5 0.4820312500 0.5578125000 0.0734375000 0.1906250000
5 0.5976562500 0.4750000000 0.0765625000 0.2031250000
5 0.4367187500 0.3304687500 0.0640625000 0.1359375000
5 0.6781250000 0.8562500000 0.1250000000 0.2875000000
5 0.5554687500 0.9164062500 0.1640625000 0.1671875000
5 0.4804687500 0.8031250000 0.1328125000 0.1687500000
7 0.9070312500 0.4414062500 0.1859375000 0.8734375000
7 0.7335937500 0.3476562500 0.1921875000 0.4484375000
7 0.6648437500 0.1304687500 0.0890625000 0.1453125000
7 0.5531250000 0.2148437500 0.1031250000 0.2671875000
7 0.3492187500 0.2164062500 0.0765625000 0.2578125000
7 0.2460937500 0.3054687500 0.1328125000 0.4859375000
7 0.1617187500 0.1515625000 0.0703125000 0.3031250000
7 0.0500000000 0.3710937500 0.1000000000 0.7328125000
