5 0.8273437500 0.8250000000 0.1140625000 0.3500000000
5 0.7000000000 0.8171875000 0.1093750000 0.3656250000
5 0.6312500000 0.5179687500 0.1218750000 0.2828125000
5 0.7453125000 0.4710937500 0.0593750000 0.2203125000
5 0.9757812500 0.4984375000 0.0484375000 0.2437500000
5 0.5601562500 0.4335937500 0.1015625000 0.4421875000
5 0.4234375000 0.4718750000 0.0656250000 0.2218750000
5 0.4312500000 0.7250000000 0.0593750000 0.1531250000
5 0.4070312500 0.6328125000 0.0765625000 0.1281250000
5 0.3500000000 0.6976562500 0.0593750000 0.1640625000
5 0.2296875000 0.7796875000 0.1218750000 0.3281250000
5 0.1257812500 0.8000000000 0.1046875000 0.4000000000
5 0.1976562500 0.4742187500 0.0765625000 0.2109375000
5 0.1187500000 0.4765625000 0.0937500000 0.1968750000
5 0.0726562500 0.1695312500 0.0484375000 0.2015625000
8 0.5000000000 0.7203125000 1.0000000000 0.5593750000
7 0.9328125000 0.1718750000 0.1343750000 0.3437500000
7 0.6273437500 0.1929687500 0.1109375000 0.3078125000
7 0.3835937500 0.1117187500 0.1234375000 0.2234375000
7 0.2398437500 0.1820312500 0.0953125000 0.2796875000
7 0.1742187500 0.1320312500 0.0734375000 0.2640625000
7 0.0992187500 0.1109375000 0.0640625000 0.1906250000
7 0.0304687500 0.1578125000 0.0609375000 0.3156250000
