7 0.6296875000 0.5601562500 0.1562500000 0.6359375000
7 0.2242187500 0.5531250000 0.1796875000 0.4750000000
7 0.0367187500 0.3234375000 0.0734375000 0.2031250000
7 0.0281250000 0.6070312500 0.0562500000 0.3671875000
7 0.1531250000 0.3523437500 0.0656250000 0.1671875000
7 0.2726562500 0.3679687500 0.0859375000 0.1828125000
7 0.3507812500 0.3867187500 0.1296875000 0.2640625000
7 0.4546875000 0.3710937500 0.0812500000 0.1734375000
7 0.5429687500 0.4242187500 0.1171875000 0.2015625000
7 0.5015625000 0.2429687500 0.1250000000 0.1890625000
