9 0.1531250000 0.7507812500 0.3062500000 0.4484375000
9 0.0968750000 0.4734375000 0.1937500000 0.1593750000
9 0.0593750000 0.3234375000 0.1187500000 0.1093750000
9 0.2070312500 0.3070312500 0.1390625000 0.1703125000
9 0.3484375000 0.3125000000 0.1187500000 0.1406250000
9 0.6554687500 0.2328125000 0.1203125000 0.0843750000
9 0.6843750000 0.3195312500 0.1562500000 0.1234375000
9 0.5179687500 0.3390625000 0.1046875000 0.1562500000
9 0.8304687500 0.4062500000 0.3390625000 0.1656250000
9 0.8484375000 0.4914062500 0.3031250000 0.1546875000
9 0.8625000000 0.5867187500 0.2750000000 0.1828125000
9 0.8140625000 0.8062500000 0.3718750000 0.3875000000
7 0.6210937500 0.3929687500 0.1359375000 0.1609375000
7 0.3414062500 0.4921875000 0.1640625000 0.1718750000
6 0.5906250000 0.5257812500 0.1968750000 0.1765625000
6 0.3523437500 0.6726562500 0.1609375000 0.2640625000
9 0.3781250000 0.5546875000 0.4000000000 0.3750000000
