8 0.5132812500 0.8109375000 0.2140625000 0.1625000000
8 0.7546875000 0.7265625000 0.1937500000 0.1125000000
10 0.3890625000 0.8531250000 0.0968750000 0.2843750000
10 0.1179687500 0.8726562500 0.1859375000 0.1890625000
10 0.5171875000 0.9078125000 0.1906250000 0.1843750000
10 0.5062500000 0.7179687500 0.0968750000 0.1171875000
10 0.6375000000 0.7054687500 0.0781250000 0.1390625000
10 0.8859375000 0.7531250000 0.0875000000 0.2000000000
10 0.8000000000 0.8335937500 0.1343750000 0.2546875000
10 0.6664062500 0.8460937500 0.0828125000 0.2171875000
