5 0.4929687500 0.7070312500 0.0890625000 0.2328125000
5 0.4328125000 0.7148437500 0.0968750000 0.2328125000
5 0.3390625000 0.6828125000 0.0875000000 0.2218750000
5 0.4148437500 0.5281250000 0.0578125000 0.2125000000
5 0.3585937500 0.5226562500 0.0734375000 0.1609375000
5 0.5476562500 0.5250000000 0.0921875000 0.2562500000
5 0.7414062500 0.4710937500 0.0765625000 0.1859375000
7 0.1179687500 0.5296875000 0.2359375000 0.4718750000
7 0.3703125000 0.3804687500 0.3187500000 0.4265625000
7 0.1921875000 0.8695312500 0.2812500000 0.2609375000
7 0.8734375000 0.6695312500 0.2500000000 0.6609375000
8 0.3976562500 0.7468750000 0.5734375000 0.4718750000
