2 0.3601562500 0.6015625000 0.0734375000 0.2625000000
5 0.6687500000 0.6679687500 0.0562500000 0.1734375000
5 0.5523437500 0.7382812500 0.0703125000 0.1359375000
5 0.5835937500 0.8125000000 0.0734375000 0.1968750000
5 0.3984375000 0.8945312500 0.1218750000 0.2109375000
7 0.9460937500 0.7414062500 0.1078125000 0.5171875000
7 0.0671875000 0.6546875000 0.1343750000 0.6406250000
7 0.1898437500 0.5585937500 0.1421875000 0.4546875000
7 0.3101562500 0.5148437500 0.1328125000 0.3765625000
7 0.4851562500 0.4734375000 0.1234375000 0.3593750000
7 0.6210937500 0.4437500000 0.1109375000 0.3562500000
7 0.7812500000 0.4781250000 0.1687500000 0.4687500000
