10 0.0898437500 0.7210937500 0.1265625000 0.3953125000
10 0.0539062500 0.7765625000 0.1078125000 0.3843750000
10 0.7804687500 0.6156250000 0.1359375000 0.4375000000
8 0.6820312500 0.4648437500 0.2953125000 0.5203125000
7 0.7843750000 0.2382812500 0.0656250000 0.2984375000
7 0.4898437500 0.5812500000 0.2578125000 0.8375000000
7 0.1929687500 0.3726562500 0.1546875000 0.5484375000
7 0.5148437500 0.1328125000 0.1328125000 0.2375000000
7 0.9437500000 0.3835937500 0.1125000000 0.5390625000
2 0.7148437500 0.2773437500 0.0578125000 0.1296875000
2 0.6718750000 0.2906250000 0.0781250000 0.1750000000
2 0.6109375000 0.2562500000 0.0593750000 0.1843750000
2 0.5773437500 0.2453125000 0.0234375000 0.1562500000
