8 0.6546875000 0.8781250000 0.5843750000 0.2437500000
7 0.8796875000 0.6320312500 0.2406250000 0.4671875000
7 0.6773437500 0.3539062500 0.0640625000 0.1703125000
7 0.6171875000 0.3757812500 0.0562500000 0.1828125000
7 0.5414062500 0.5101562500 0.0796875000 0.1203125000
7 0.3656250000 0.3750000000 0.0656250000 0.2625000000
11 0.4117187500 0.4851562500 0.1828125000 0.1953125000
2 0.2078125000 0.2375000000 0.0562500000 0.1218750000
2 0.1703125000 0.2312500000 0.0406250000 0.1062500000
2 0.1343750000 0.2234375000 0.0468750000 0.1125000000
2 0.2242187500 0.3320312500 0.0390625000 0.1078125000
2 0.1882812500 0.3304687500 0.0421875000 0.1359375000
2 0.1460937500 0.3257812500 0.0421875000 0.1359375000
2 0.1117187500 0.3351562500 0.0453125000 0.1328125000
2 0.2093750000 0.4679687500 0.0406250000 0.2109375000
2 0.1789062500 0.4406250000 0.0453125000 0.1968750000
2 0.1429687500 0.4539062500 0.0578125000 0.2015625000
2 0.1070312500 0.4507812500 0.0484375000 0.1921875000
2 0.2164062500 0.6203125000 0.0515625000 0.1562500000
2 0.1750000000 0.6007812500 0.0406250000 0.1390625000
2 0.1429687500 0.6156250000 0.0546875000 0.1812500000
2 0.0804687500 0.6625000000 0.0671875000 0.2593750000
2 0.1796875000 0.8281250000 0.1031250000 0.2093750000
10 0.1875000000 0.9062500000 0.1718750000 0.1875000000
10 0.4820312500 0.7179687500 0.1921875000 0.0828125000
5 0.6304687500 0.8156250000 0.0921875000 0.1031250000
