6 0.0781250000 0.6101562500 0.1000000000 0.2203125000
6 0.1875000000 0.6679687500 0.1031250000 0.2859375000
6 0.3125000000 0.6656250000 0.1093750000 0.2468750000
6 0.4234375000 0.6460937500 0.0875000000 0.2703125000
6 0.5054687500 0.6179687500 0.0671875000 0.1890625000
6 0.5906250000 0.6546875000 0.0781250000 0.2406250000
6 0.7015625000 0.6226562500 0.0656250000 0.2140625000
6 0.7828125000 0.6570312500 0.0812500000 0.2203125000
6 0.9210937500 0.6367187500 0.1265625000 0.2671875000
7 0.5773437500 0.5429687500 0.0671875000 0.1609375000
7 0.4398437500 0.4898437500 0.0421875000 0.1453125000
