6 0.2960937500 0.7078125000 0.1328125000 0.4250000000
6 0.8171875000 0.7906250000 0.3468750000 0.3750000000
6 0.4531250000 0.6312500000 0.1531250000 0.2843750000
6 0.1476562500 0.5851562500 0.0984375000 0.2328125000
6 0.2085937500 0.4929687500 0.0390625000 0.1234375000
7 0.0500000000 0.5968750000 0.1000000000 0.4187500000
7 0.1343750000 0.5062500000 0.0718750000 0.3000000000
7 0.2750000000 0.5101562500 0.1000000000 0.2703125000
7 0.4132812500 0.5000000000 0.0921875000 0.2750000000
7 0.7359375000 0.5203125000 0.0906250000 0.3156250000
7 0.8203125000 0.4593750000 0.0750000000 0.2375000000
9 0.5890625000 0.4875000000 0.2593750000 0.2812500000
