7 0.6460937500 0.5648437500 0.2484375000 0.7828125000
7 0.5765625000 0.2531250000 0.0531250000 0.2750000000
7 0.6382812500 0.1703125000 0.0671875000 0.2593750000
7 0.7742187500 0.2085937500 0.0703125000 0.3671875000
7 0.4945312500 0.2937500000 0.0453125000 0.4718750000
7 0.4234375000 0.4343750000 0.0968750000 0.6187500000
7 0.2976562500 0.3437500000 0.0984375000 0.4906250000
7 0.1718750000 0.4093750000 0.1062500000 0.5750000000
7 0.2265625000 0.1648437500 0.0500000000 0.2828125000
7 0.0679687500 0.2718750000 0.0734375000 0.3812500000
7 0.0179687500 0.3695312500 0.0359375000 0.7046875000
