6 0.4148437500 0.6585937500 0.5296875000 0.6828125000
7 0.3492187500 0.5562500000 0.2609375000 0.7250000000
7 0.2429687500 0.4539062500 0.1609375000 0.6703125000
7 0.5804687500 0.3351562500 0.0890625000 0.3578125000
7 0.7445312500 0.3335937500 0.0390625000 0.2828125000
7 0.6453125000 0.2500000000 0.0468750000 0.2000000000
7 0.6585937500 0.2937500000 0.0640625000 0.2468750000
7 0.6835937500 0.3085937500 0.0703125000 0.2734375000
7 0.7484375000 0.2765625000 0.0625000000 0.2656250000
7 0.9164062500 0.3296875000 0.0734375000 0.3375000000
7 0.3273437500 0.2257812500 0.0453125000 0.1640625000
7 0.1015625000 0.2554687500 0.0531250000 0.1859375000
7 0.2765625000 0.1898437500 0.0375000000 0.1078125000
