3 0.8000000000 0.7859375000 0.2375000000 0.2500000000
9 0.1289062500 0.7648437500 0.0953125000 0.0921875000
9 0.2390625000 0.7554687500 0.0750000000 0.1390625000
9 0.3140625000 0.7679687500 0.0781250000 0.1578125000
9 0.3960937500 0.7671875000 0.0390625000 0.1281250000
9 0.4335937500 0.7585937500 0.0390625000 0.0828125000
9 0.4835937500 0.7726562500 0.0453125000 0.0640625000
9 0.5375000000 0.7656250000 0.0437500000 0.0562500000
7 0.5593750000 0.9015625000 0.0468750000 0.1906250000
7 0.6226562500 0.8656250000 0.0796875000 0.2687500000
