10 0.8742187500 0.6984375000 0.1796875000 0.4843750000
10 0.6492187500 0.6992187500 0.1390625000 0.4765625000
10 0.4960937500 0.7296875000 0.1484375000 0.4781250000
10 0.3117187500 0.7609375000 0.1953125000 0.4781250000
7 0.9359375000 0.3906250000 0.1093750000 0.2718750000
7 0.8062500000 0.4187500000 0.1187500000 0.2531250000
7 0.4421875000 0.3578125000 0.0875000000 0.2593750000
7 0.3765625000 0.3578125000 0.0656250000 0.2437500000
2 0.1445312500 0.3351562500 0.0328125000 0.1390625000
2 0.1195312500 0.3250000000 0.0265625000 0.1375000000
2 0.1023437500 0.3242187500 0.0359375000 0.1390625000
2 0.0757812500 0.3375000000 0.0359375000 0.1281250000
2 0.0421875000 0.3335937500 0.0312500000 0.1359375000
2 0.0203125000 0.3203125000 0.0406250000 0.1406250000
2 0.1742187500 0.3210937500 0.0421875000 0.1296875000
2 0.4039062500 0.4359375000 0.0421875000 0.1281250000
2 0.5328125000 0.4375000000 0.0781250000 0.1250000000
2 0.6031250000 0.4085937500 0.0625000000 0.1296875000
