7 0.4679687500 0.2125000000 0.0390625000 0.0875000000
9 0.5648437500 0.2429687500 0.0984375000 0.1421875000
9 0.6750000000 0.2421875000 0.0718750000 0.0968750000
9 0.7671875000 0.2460937500 0.1156250000 0.1546875000
9 0.8078125000 0.2531250000 0.0562500000 0.1125000000
9 0.8921875000 0.2914062500 0.1031250000 0.1546875000
9 0.9625000000 0.2875000000 0.0750000000 0.2031250000
9 0.9781250000 0.3265625000 0.0437500000 0.1406250000
9 0.0460937500 0.2468750000 0.0921875000 0.1656250000
9 0.1710937500 0.2320312500 0.0640625000 0.1015625000
9 0.2585937500 0.2250000000 0.0515625000 0.0906250000
6 0.4609375000 0.2554687500 0.0625000000 0.0921875000
