6 0.1640625000 0.4867187500 0.2218750000 0.3984375000
6 0.5101562500 0.6093750000 0.2296875000 0.4375000000
6 0.8242187500 0.5890625000 0.2234375000 0.4031250000
6 0.7343750000 0.5226562500 0.1375000000 0.2640625000
7 0.8453125000 0.4304687500 0.1718750000 0.3796875000
7 0.5492187500 0.4031250000 0.1328125000 0.4468750000
7 0.4164062500 0.3710937500 0.1203125000 0.2671875000
7 0.7023437500 0.4039062500 0.0859375000 0.2171875000
6 0.3789062500 0.4851562500 0.1421875000 0.1796875000
7 0.1890625000 0.2789062500 0.1562500000 0.2828125000
