2 0.2554687500 0.4476562500 0.0421875000 0.1796875000
2 0.3648437500 0.4234375000 0.0453125000 0.2125000000
5 0.4351562500 0.4640625000 0.0515625000 0.1531250000
5 0.3039062500 0.4757812500 0.0578125000 0.1296875000
6 0.9281250000 0.6796875000 0.1437500000 0.3843750000
10 0.0859375000 0.8117187500 0.1343750000 0.3765625000
10 0.3515625000 0.8539062500 0.2343750000 0.2921875000
10 0.6656250000 0.8156250000 0.1906250000 0.3687500000
10 0.6156250000 0.6000000000 0.1125000000 0.1656250000
10 0.6156250000 0.5218750000 0.0843750000 0.1312500000
10 0.1007812500 0.5460937500 0.0953125000 0.1921875000
10 0.9156250000 0.3640625000 0.1031250000 0.2406250000
