6 0.6593750000 0.6664062500 0.1875000000 0.2796875000
6 0.2406250000 0.6015625000 0.1437500000 0.1156250000
7 0.2703125000 0.5515625000 0.0875000000 0.2468750000
7 0.1914062500 0.5210937500 0.0859375000 0.2046875000
7 0.3335937500 0.4929687500 0.0484375000 0.1953125000
7 0.3789062500 0.4968750000 0.0703125000 0.1843750000
7 0.4507812500 0.5617187500 0.0671875000 0.3609375000
7 0.5156250000 0.6023437500 0.0593750000 0.3421875000
7 0.6445312500 0.5703125000 0.1296875000 0.3250000000
7 0.7937500000 0.6187500000 0.1093750000 0.5343750000
7 0.9046875000 0.6296875000 0.1656250000 0.5843750000
