6 0.4500000000 0.5804687500 0.1593750000 0.1671875000
6 0.2203125000 0.6414062500 0.1843750000 0.2265625000
6 0.5343750000 0.5781250000 0.1062500000 0.1687500000
6 0.6109375000 0.5710937500 0.1312500000 0.1265625000
6 0.6843750000 0.5406250000 0.0750000000 0.1500000000
6 0.7257812500 0.5359375000 0.0828125000 0.1218750000
6 0.9093750000 0.5023437500 0.0468750000 0.1078125000
6 0.8742187500 0.5226562500 0.0484375000 0.0953125000
6 0.8281250000 0.5289062500 0.0625000000 0.1078125000
7 0.3296875000 0.5015625000 0.0531250000 0.2218750000
7 0.2531250000 0.4687500000 0.0531250000 0.1562500000
7 0.2226562500 0.4921875000 0.0640625000 0.1968750000
7 0.1640625000 0.4687500000 0.0718750000 0.1781250000
7 0.3609375000 0.4476562500 0.0343750000 0.1046875000
7 0.4054687500 0.4484375000 0.0328125000 0.0781250000
7 0.5242187500 0.4593750000 0.0296875000 0.0906250000
7 0.5898437500 0.4539062500 0.0421875000 0.0859375000
7 0.6210937500 0.4554687500 0.0296875000 0.0796875000
7 0.6664062500 0.4476562500 0.0296875000 0.0515625000
7 0.7242187500 0.4476562500 0.0265625000 0.0671875000
7 0.7656250000 0.4570312500 0.0312500000 0.0859375000
