2 0.9460937500 0.5671875000 0.0734375000 0.1281250000
5 0.8671875000 0.6039062500 0.0343750000 0.1390625000
5 0.1343750000 0.8734375000 0.0718750000 0.2125000000
5 0.5093750000 0.8031250000 0.0468750000 0.2031250000
5 0.6609375000 0.6539062500 0.0375000000 0.1359375000
5 0.5687500000 0.7054687500 0.0531250000 0.1859375000
8 0.4906250000 0.7789062500 0.9812500000 0.4421875000
7 0.2367187500 0.4523437500 0.2171875000 0.6984375000
7 0.4773437500 0.6320312500 0.1203125000 0.3171875000
7 0.3820312500 0.5195312500 0.0734375000 0.1921875000
7 0.5992187500 0.5789062500 0.0828125000 0.2765625000
7 0.7734375000 0.5367187500 0.0843750000 0.2421875000
7 0.8710937500 0.5468750000 0.0765625000 0.2062500000
