5 0.7000000000 0.8875000000 0.1156250000 0.2250000000
5 0.9156250000 0.6820312500 0.0750000000 0.2171875000
5 0.8609375000 0.6007812500 0.0750000000 0.1265625000
5 0.7710937500 0.6375000000 0.0609375000 0.1906250000
8 0.1007812500 0.4578125000 0.2015625000 0.2312500000
8 0.7085937500 0.7554687500 0.5828125000 0.4859375000
7 0.6578125000 0.4468750000 0.2906250000 0.4968750000
7 0.2578125000 0.5679687500 0.2187500000 0.7671875000
7 0.0921875000 0.1343750000 0.0656250000 0.2031250000
7 0.0421875000 0.1195312500 0.0531250000 0.1703125000
7 0.4468750000 0.1617187500 0.2000000000 0.3234375000
7 0.3750000000 0.1601562500 0.0687500000 0.1515625000
10 0.0343750000 0.6375000000 0.0687500000 0.3093750000
