8 0.1226562500 0.6882812500 0.2453125000 0.2265625000
8 0.7335937500 0.7125000000 0.2109375000 0.3093750000
10 0.3257812500 0.7898437500 0.2015625000 0.4203125000
10 0.0937500000 0.8945312500 0.1875000000 0.2109375000
10 0.0523437500 0.5734375000 0.1046875000 0.1125000000
10 0.1562500000 0.5390625000 0.0531250000 0.0875000000
10 0.5937500000 0.6945312500 0.1093750000 0.3578125000
10 0.8929687500 0.8023437500 0.1484375000 0.3859375000
10 0.4828125000 0.6625000000 0.0875000000 0.2906250000
7 0.7148437500 0.5351562500 0.0578125000 0.1484375000
7 0.2992187500 0.4789062500 0.0546875000 0.1109375000
7 0.2335937500 0.5085937500 0.0390625000 0.1296875000
7 0.0570312500 0.4757812500 0.1140625000 0.2484375000
7 0.5109375000 0.4867187500 0.0593750000 0.1109375000
7 0.4593750000 0.4695312500 0.0437500000 0.1265625000
7 0.4226562500 0.4968750000 0.0421875000 0.1156250000
7 0.6125000000 0.5148437500 0.0781250000 0.1703125000
7 0.6484375000 0.4945312500 0.0406250000 0.1140625000
7 0.7242187500 0.4453125000 0.0515625000 0.1031250000
7 0.7968750000 0.5031250000 0.0562500000 0.1406250000
7 0.8265625000 0.5250000000 0.0531250000 0.1562500000
7 0.8781250000 0.5421875000 0.0718750000 0.1406250000
