10 0.7406250000 0.3343750000 0.0781250000 0.2031250000
10 0.7484375000 0.1765625000 0.0625000000 0.1312500000
10 0.4265625000 0.2953125000 0.0843750000 0.1187500000
10 0.3171875000 0.3226562500 0.0593750000 0.2390625000
10 0.2367187500 0.4812500000 0.1171875000 0.3531250000
10 0.4851562500 0.5132812500 0.2859375000 0.3984375000
10 0.8437500000 0.6710937500 0.3125000000 0.5234375000
7 0.9085937500 0.7945312500 0.1796875000 0.4109375000
7 0.7609375000 0.6757812500 0.3843750000 0.6109375000
7 0.4710937500 0.5867187500 0.1859375000 0.7234375000
7 0.1015625000 0.6015625000 0.2031250000 0.6156250000
7 0.6687500000 0.2375000000 0.0937500000 0.2843750000
7 0.3648437500 0.1078125000 0.1515625000 0.1781250000
