1 0.4601562500 0.7359375000 0.3015625000 0.3187500000
1 0.7687500000 0.6914062500 0.3968750000 0.2078125000
1 0.1562500000 0.7914062500 0.3125000000 0.3890625000
1 0.8179687500 0.4789062500 0.0828125000 0.1359375000
1 0.9187500000 0.4578125000 0.1187500000 0.1062500000
1 0.6992187500 0.4812500000 0.1296875000 0.0875000000
1 0.5695312500 0.4546875000 0.1515625000 0.1218750000
1 0.3812500000 0.4484375000 0.1593750000 0.1500000000
1 0.2562500000 0.4281250000 0.0968750000 0.1062500000
1 0.1601562500 0.4273437500 0.0921875000 0.0859375000
1 0.0632812500 0.4156250000 0.0921875000 0.0781250000
