10 0.7992187500 0.8562500000 0.1640625000 0.2875000000
10 0.9328125000 0.8085937500 0.1343750000 0.3484375000
10 0.7257812500 0.6578125000 0.1015625000 0.1656250000
10 0.6164062500 0.6835937500 0.0796875000 0.1640625000
10 0.6593750000 0.7703125000 0.1312500000 0.1968750000
10 0.5835937500 0.5875000000 0.1453125000 0.2062500000
10 0.4359375000 0.5859375000 0.0968750000 0.1750000000
10 0.4109375000 0.7359375000 0.1781250000 0.2312500000
10 0.2593750000 0.7226562500 0.1375000000 0.1953125000
7 0.2390625000 0.4984375000 0.0906250000 0.1812500000
