10 0.4289062500 0.5906250000 0.0765625000 0.0687500000
10 0.3257812500 0.5945312500 0.0578125000 0.0609375000
10 0.2125000000 0.5906250000 0.0687500000 0.0500000000
10 0.5304687500 0.5921875000 0.0765625000 0.0718750000
10 0.6296875000 0.6007812500 0.0468750000 0.0671875000
10 0.4539062500 0.7781250000 0.1609375000 0.1000000000
10 0.4710937500 0.6687500000 0.1109375000 0.0656250000
8 0.5218750000 0.6460937500 0.8687500000 0.0734375000
8 0.5335937500 0.8992187500 0.9328125000 0.1984375000
8 0.5289062500 0.7281250000 0.9421875000 0.1531250000
