10 0.3289062500 0.7218750000 0.1984375000 0.5562500000
10 0.0742187500 0.6460937500 0.1359375000 0.3734375000
10 0.1906250000 0.6476562500 0.1312500000 0.3984375000
10 0.7226562500 0.7000000000 0.1640625000 0.5343750000
10 0.8117187500 0.6484375000 0.1109375000 0.3906250000
10 0.9398437500 0.6640625000 0.1203125000 0.4187500000
8 0.5304687500 0.7289062500 0.2984375000 0.5421875000
1 0.9023437500 0.3218750000 0.0546875000 0.1625000000
1 0.7695312500 0.4179687500 0.0453125000 0.1296875000
5 0.4007812500 0.4554687500 0.0703125000 0.1265625000
5 0.5476562500 0.4460937500 0.0484375000 0.1453125000
5 0.0671875000 0.4710937500 0.0593750000 0.0921875000
5 0.1781250000 0.4710937500 0.0312500000 0.0796875000
5 0.1398437500 0.4656250000 0.0359375000 0.1062500000
