6 0.6281250000 0.7335937500 0.3687500000 0.3859375000
6 0.9117187500 0.6507812500 0.1765625000 0.3171875000
6 0.2312500000 0.5078125000 0.1375000000 0.2187500000
6 0.3109375000 0.4234375000 0.1343750000 0.1875000000
6 0.4593750000 0.5765625000 0.1781250000 0.2250000000
6 0.1554687500 0.4664062500 0.0640625000 0.1515625000
6 0.1148437500 0.4101562500 0.0703125000 0.1453125000
7 0.3234375000 0.3531250000 0.1000000000 0.1937500000
7 0.2101562500 0.4054687500 0.0984375000 0.2828125000
7 0.1617187500 0.3414062500 0.0546875000 0.2390625000
7 0.1039062500 0.3617187500 0.0453125000 0.2109375000
7 0.0195312500 0.3937500000 0.0296875000 0.2250000000
7 0.4218750000 0.2492187500 0.0468750000 0.0953125000
7 0.4085937500 0.4406250000 0.0515625000 0.3187500000
7 0.4656250000 0.4929687500 0.0781250000 0.4578125000
7 0.5156250000 0.2578125000 0.0281250000 0.1218750000
7 0.5265625000 0.3421875000 0.0406250000 0.1468750000
7 0.5742187500 0.3250000000 0.0546875000 0.2343750000
7 0.6101562500 0.6289062500 0.1828125000 0.7421875000
7 0.9539062500 0.4179687500 0.0921875000 0.4390625000
7 0.8757812500 0.3703125000 0.0796875000 0.3062500000
7 0.7593750000 0.4359375000 0.0843750000 0.3437500000
9 0.7460937500 0.3359375000 0.3296875000 0.2656250000
