7 0.0546875000 0.7070312500 0.1093750000 0.5171875000
7 0.1656250000 0.7187500000 0.1312500000 0.5312500000
7 0.3468750000 0.6710937500 0.1000000000 0.3859375000
7 0.6125000000 0.6812500000 0.0656250000 0.3031250000
7 0.5382812500 0.6406250000 0.0578125000 0.2656250000
7 0.4664062500 0.6484375000 0.1109375000 0.3187500000
7 0.4039062500 0.5453125000 0.0296875000 0.1093750000
7 0.3710937500 0.5484375000 0.7328125000 0.1281250000
0 0.8320312500 0.7234375000 0.1984375000 0.2375000000
0 0.7898437500 0.7132812500 0.1734375000 0.1484375000
0 0.7234375000 0.6625000000 0.1656250000 0.0718750000
