3 0.4804687500 0.5156250000 0.3453125000 0.4687500000
7 0.2593750000 0.5804687500 0.0468750000 0.2296875000
7 0.2156250000 0.5921875000 0.0781250000 0.2531250000
7 0.1656250000 0.6203125000 0.0750000000 0.3562500000
7 0.1023437500 0.6718750000 0.0734375000 0.4968750000
7 0.7039062500 0.5914062500 0.0265625000 0.2609375000
7 0.6453125000 0.5820312500 0.0531250000 0.3296875000
7 0.7578125000 0.6007812500 0.0562500000 0.2703125000
7 0.8710937500 0.6140625000 0.0765625000 0.3187500000
7 0.9828125000 0.6515625000 0.0343750000 0.4218750000
