7 0.3257812500 0.4570312500 0.1171875000 0.3390625000
7 0.5453125000 0.4671875000 0.0625000000 0.1968750000
7 0.4867187500 0.4203125000 0.0515625000 0.1625000000
7 0.4406250000 0.4351562500 0.0593750000 0.2296875000
7 0.1859375000 0.4414062500 0.0687500000 0.1578125000
7 0.0507812500 0.4437500000 0.0953125000 0.2781250000
7 0.6976562500 0.3960937500 0.0296875000 0.1140625000
7 0.6656250000 0.3921875000 0.0281250000 0.1281250000
7 0.6000000000 0.4023437500 0.0468750000 0.1265625000
6 0.7140625000 0.4796875000 0.0750000000 0.1125000000
6 0.6437500000 0.4804687500 0.0687500000 0.1140625000
6 0.6015625000 0.4781250000 0.0406250000 0.1343750000
6 0.4398437500 0.5093750000 0.0765625000 0.0906250000
6 0.2984375000 0.6875000000 0.1500000000 0.2687500000
6 0.1835937500 0.5687500000 0.0859375000 0.1562500000
6 0.0398437500 0.6289062500 0.0796875000 0.1921875000
6 0.5421875000 0.5757812500 0.1062500000 0.1859375000
9 0.8085937500 0.6953125000 0.3828125000 0.4937500000
