5 0.3710937500 0.7265625000 0.0765625000 0.1750000000
5 0.4890625000 0.7015625000 0.0843750000 0.3187500000
5 0.5820312500 0.7531250000 0.0984375000 0.3312500000
5 0.8085937500 0.8335937500 0.0890625000 0.2015625000
5 0.9015625000 0.7875000000 0.0906250000 0.3406250000
5 0.3453125000 0.5351562500 0.0593750000 0.1671875000
5 0.6539062500 0.6140625000 0.0390625000 0.1312500000
2 0.7132812500 0.6578125000 0.0953125000 0.4781250000
7 0.1250000000 0.5593750000 0.2500000000 0.8750000000
7 0.7476562500 0.3515625000 0.1453125000 0.4312500000
7 0.9007812500 0.4125000000 0.1984375000 0.5750000000
