8 0.7843750000 0.8062500000 0.2312500000 0.3500000000
8 0.3390625000 0.8554687500 0.2343750000 0.2890625000
8 0.4132812500 0.6726562500 0.1046875000 0.1265625000
10 0.6070312500 0.7687500000 0.1171875000 0.3031250000
10 0.9734375000 0.7164062500 0.0531250000 0.2546875000
7 0.1742187500 0.7804687500 0.1859375000 0.3921875000
7 0.6687500000 0.7062500000 0.1062500000 0.4062500000
7 0.3281250000 0.6132812500 0.0968750000 0.2296875000
7 0.1960937500 0.5914062500 0.0640625000 0.1796875000
7 0.5132812500 0.5945312500 0.0546875000 0.1734375000
7 0.7945312500 0.6171875000 0.0609375000 0.1875000000
7 0.8625000000 0.6281250000 0.0781250000 0.1968750000
7 0.4226562500 0.5679687500 0.0546875000 0.1171875000
7 0.5851562500 0.5750000000 0.0515625000 0.1218750000
7 0.1242187500 0.5554687500 0.0484375000 0.0765625000
7 0.0453125000 0.5882812500 0.0593750000 0.0765625000
