0 0.1289062500 0.6742187500 0.1203125000 0.4046875000
0 0.0562500000 0.7148437500 0.1125000000 0.4484375000
0 0.2695312500 0.6742187500 0.1015625000 0.3546875000
0 0.4148437500 0.7585937500 0.1015625000 0.3703125000
0 0.4804687500 0.7187500000 0.0984375000 0.3250000000
0 0.5445312500 0.6953125000 0.0703125000 0.2593750000
0 0.6460937500 0.7046875000 0.0953125000 0.3531250000
0 0.7273437500 0.6976562500 0.1328125000 0.3171875000
0 0.8445312500 0.7195312500 0.1015625000 0.2921875000
0 0.9484375000 0.7046875000 0.1031250000 0.3656250000
0 0.7187500000 0.4367187500 0.1125000000 0.1640625000
0 0.6093750000 0.4523437500 0.1312500000 0.1890625000
0 0.4062500000 0.4593750000 0.0875000000 0.1843750000
0 0.1906250000 0.3835937500 0.0843750000 0.2015625000
7 0.0546875000 0.3289062500 0.0843750000 0.1921875000
7 0.3093750000 0.4351562500 0.0656250000 0.1984375000
7 0.4976562500 0.4125000000 0.0546875000 0.2218750000
7 0.8515625000 0.4609375000 0.0687500000 0.2843750000
7 0.9132812500 0.2968750000 0.0390625000 0.1562500000
7 0.8187500000 0.2734375000 0.0593750000 0.1468750000
7 0.7585937500 0.2593750000 0.0609375000 0.1406250000
7 0.6703125000 0.2601562500 0.0750000000 0.1453125000
7 0.6085937500 0.2726562500 0.0671875000 0.1546875000
7 0.5117187500 0.2546875000 0.0546875000 0.1343750000
7 0.4515625000 0.2640625000 0.0500000000 0.1437500000
7 0.3906250000 0.2617187500 0.0593750000 0.1234375000
7 0.3156250000 0.2742187500 0.0750000000 0.1578125000
7 0.2593750000 0.2773437500 0.0781250000 0.1296875000
