10 0.2710937500 0.7398437500 0.2828125000 0.4921875000
10 0.9765625000 0.5718750000 0.0468750000 0.1812500000
8 0.6960937500 0.7718750000 0.6078125000 0.4406250000
2 0.7007812500 0.4820312500 0.0609375000 0.3046875000
2 0.7148437500 0.4796875000 0.0515625000 0.2687500000
2 0.6773437500 0.6046875000 0.0484375000 0.2937500000
2 0.6195312500 0.7281250000 0.0453125000 0.3031250000
2 0.5750000000 0.5726562500 0.0500000000 0.3078125000
2 0.6070312500 0.4351562500 0.0453125000 0.1921875000
2 0.5453125000 0.4929687500 0.0562500000 0.3734375000
