7 0.2382812500 0.6570312500 0.1328125000 0.5953125000
7 0.4007812500 0.3921875000 0.1515625000 0.4656250000
7 0.5718750000 0.4734375000 0.1156250000 0.2781250000
7 0.8093750000 0.6546875000 0.1562500000 0.6906250000
10 0.9062500000 0.8390625000 0.1718750000 0.3218750000
10 0.1492187500 0.8281250000 0.1890625000 0.3281250000
8 0.5031250000 0.7843750000 0.4156250000 0.4312500000
2 0.4179687500 0.6007812500 0.0484375000 0.2734375000
5 0.7046875000 0.4882812500 0.0750000000 0.1703125000
5 0.2968750000 0.5781250000 0.0468750000 0.1750000000
