5 0.6406250000 0.7523437500 0.2375000000 0.4953125000
5 0.4156250000 0.6140625000 0.1875000000 0.4968750000
5 0.1523437500 0.6429687500 0.3015625000 0.3328125000
5 0.2945312500 0.3984375000 0.1734375000 0.2625000000
5 0.1117187500 0.4109375000 0.2015625000 0.2125000000
5 0.5226562500 0.3921875000 0.1359375000 0.3968750000
5 0.7085937500 0.3820312500 0.1703125000 0.3484375000
5 0.8015625000 0.2695312500 0.1437500000 0.2734375000
5 0.9156250000 0.6179687500 0.1687500000 0.5796875000
5 0.9578125000 0.8585937500 0.0843750000 0.2828125000
2 0.3781250000 0.1406250000 0.1125000000 0.2812500000
2 0.3367187500 0.2007812500 0.1140625000 0.2796875000
2 0.2000000000 0.2304687500 0.1250000000 0.3734375000
