2 0.1007812500 0.4445312500 0.0359375000 0.2390625000
2 0.1523437500 0.4546875000 0.0484375000 0.2406250000
2 0.0398437500 0.3984375000 0.0796875000 0.0687500000
2 0.0375000000 0.4562500000 0.0687500000 0.0406250000
2 0.0562500000 0.5125000000 0.0781250000 0.0718750000
2 0.0859375000 0.7421875000 0.0750000000 0.3156250000
2 0.0312500000 0.7421875000 0.0625000000 0.2718750000
2 0.1171875000 0.9273437500 0.0406250000 0.1453125000
2 0.1625000000 0.9054687500 0.0687500000 0.1890625000
2 0.2000000000 0.7039062500 0.0625000000 0.2453125000
2 0.2390625000 0.4437500000 0.0375000000 0.2031250000
2 0.2906250000 0.4171875000 0.0531250000 0.1437500000
2 0.3117187500 0.2656250000 0.0328125000 0.1687500000
2 0.3781250000 0.2890625000 0.0593750000 0.1843750000
2 0.1734375000 0.2421875000 0.0406250000 0.2406250000
2 0.0476562500 0.1804687500 0.0546875000 0.2578125000
2 0.0242187500 0.2140625000 0.0484375000 0.2843750000
2 0.9195312500 0.6710937500 0.0765625000 0.2953125000
2 0.9710937500 0.6515625000 0.0578125000 0.2406250000
7 0.6367187500 0.6148437500 0.3515625000 0.7703125000
7 0.3945312500 0.6960937500 0.2109375000 0.6078125000
