7 0.9007812500 0.8710937500 0.0296875000 0.1328125000
7 0.9335937500 0.8320312500 0.0265625000 0.1703125000
7 0.9742187500 0.9320312500 0.0296875000 0.1171875000
3 0.4640625000 0.7820312500 0.2125000000 0.4359375000
3 0.7171875000 0.9171875000 0.2937500000 0.1656250000
3 0.7062500000 0.8015625000 0.2406250000 0.2250000000
3 0.3585937500 0.5085937500 0.1078125000 0.1703125000
3 0.2281250000 0.6125000000 0.1468750000 0.1718750000
3 0.4234375000 0.4921875000 0.0625000000 0.1375000000
3 0.4460937500 0.4656250000 0.0703125000 0.1281250000
3 0.4953125000 0.4304687500 0.0500000000 0.0890625000
3 0.5281250000 0.4140625000 0.0343750000 0.0718750000
3 0.5921875000 0.4914062500 0.0968750000 0.1890625000
3 0.6968750000 0.6125000000 0.1031250000 0.1218750000
3 0.6773437500 0.5429687500 0.0921875000 0.0734375000
3 0.7367187500 0.5109375000 0.0640625000 0.1062500000
9 0.8140625000 0.6523437500 0.1218750000 0.0984375000
