9 0.9000000000 0.7500000000 0.1968750000 0.3625000000
9 0.8000000000 0.6859375000 0.1937500000 0.2968750000
9 0.7023437500 0.6804687500 0.1171875000 0.2390625000
9 0.1742187500 0.6671875000 0.1015625000 0.1843750000
9 0.0882812500 0.7859375000 0.1265625000 0.4062500000
9 0.2539062500 0.6289062500 0.0390625000 0.0734375000
9 0.5828125000 0.6632812500 0.0906250000 0.1109375000
9 0.5304687500 0.6578125000 0.0703125000 0.1562500000
9 0.4796875000 0.6445312500 0.0531250000 0.0953125000
6 0.5859375000 0.8132812500 0.0687500000 0.1578125000
7 0.5781250000 0.6507812500 0.0781250000 0.2015625000
