3 0.2617187500 0.4187500000 0.3546875000 0.6750000000
7 0.1187500000 0.6156250000 0.0625000000 0.4468750000
7 0.1578125000 0.5656250000 0.0375000000 0.3875000000
7 0.5250000000 0.6046875000 0.0562500000 0.5156250000
7 0.5718750000 0.4820312500 0.0625000000 0.4140625000
7 0.6070312500 0.6242187500 0.0859375000 0.5046875000
7 0.6859375000 0.5218750000 0.0750000000 0.5937500000
7 0.7718750000 0.5257812500 0.0750000000 0.6546875000
7 0.9023437500 0.5140625000 0.1296875000 0.5625000000
7 0.9578125000 0.5640625000 0.0843750000 0.6531250000
