7 0.6281250000 0.4484375000 0.0750000000 0.1625000000
7 0.4890625000 0.4148437500 0.0562500000 0.1171875000
7 0.4218750000 0.4226562500 0.0500000000 0.1359375000
7 0.3828125000 0.4242187500 0.0562500000 0.1484375000
7 0.3210937500 0.4242187500 0.0546875000 0.1515625000
10 0.1148437500 0.5546875000 0.0640625000 0.2031250000
10 0.0695312500 0.5632812500 0.0734375000 0.2265625000
10 0.1929687500 0.6070312500 0.0609375000 0.1703125000
10 0.2414062500 0.5625000000 0.0609375000 0.1750000000
10 0.5039062500 0.8195312500 0.1828125000 0.3234375000
10 0.8492187500 0.7281250000 0.1734375000 0.2125000000
10 0.9109375000 0.8625000000 0.1625000000 0.2750000000
8 0.6554687500 0.8304687500 0.2578125000 0.3390625000
