0 0.4101562500 0.7609375000 0.0953125000 0.1125000000
0 0.5335937500 0.7687500000 0.0828125000 0.1281250000
7 0.0789062500 0.6773437500 0.0546875000 0.2171875000
7 0.0375000000 0.6656250000 0.0750000000 0.2375000000
7 0.4062500000 0.6375000000 0.0656250000 0.1343750000
7 0.5289062500 0.6250000000 0.0640625000 0.1937500000
9 0.1859375000 0.6218750000 0.1500000000 0.2093750000
9 0.2859375000 0.6179687500 0.1000000000 0.1640625000
9 0.3554687500 0.6203125000 0.0390625000 0.1218750000
9 0.6078125000 0.6367187500 0.0687500000 0.1359375000
9 0.8898437500 0.7546875000 0.2203125000 0.4625000000
9 0.7351562500 0.6289062500 0.1140625000 0.2296875000
9 0.4710937500 0.6109375000 0.0609375000 0.1062500000
