10 0.0210937500 0.6914062500 0.0421875000 0.1484375000
10 0.0531250000 0.6890625000 0.0375000000 0.1343750000
10 0.0898437500 0.6960937500 0.0484375000 0.1859375000
10 0.1304687500 0.6828125000 0.0390625000 0.1531250000
10 0.2671875000 0.6929687500 0.0812500000 0.1546875000
10 0.4742187500 0.6726562500 0.0546875000 0.1265625000
10 0.5085937500 0.6375000000 0.0421875000 0.1062500000
7 0.9453125000 0.5710937500 0.1093750000 0.7953125000
7 0.7335937500 0.5539062500 0.1515625000 0.6890625000
7 0.5726562500 0.5523437500 0.2296875000 0.7859375000
7 0.3976562500 0.5617187500 0.2265625000 0.7953125000
7 0.2093750000 0.5164062500 0.2562500000 0.9671875000
