9 0.5195312500 0.5562500000 0.1640625000 0.2468750000
9 0.4414062500 0.4601562500 0.0703125000 0.1328125000
9 0.6960937500 0.3203125000 0.0484375000 0.0687500000
9 0.6992187500 0.2476562500 0.0359375000 0.0484375000
7 0.5335937500 0.4304687500 0.0453125000 0.0515625000
7 0.2273437500 0.5140625000 0.0484375000 0.1156250000
7 0.2625000000 0.4929687500 0.0437500000 0.1453125000
7 0.6195312500 0.4937500000 0.0484375000 0.1656250000
7 0.5304687500 0.4242187500 0.0484375000 0.0546875000
7 0.6726562500 0.4968750000 0.0671875000 0.2281250000
7 0.7242187500 0.4812500000 0.0328125000 0.2093750000
