6 0.6148437500 0.7078125000 0.6359375000 0.5656250000
7 0.5968750000 0.5531250000 0.1750000000 0.7312500000
7 0.6835937500 0.5414062500 0.1546875000 0.7109375000
7 0.7890625000 0.5218750000 0.1968750000 0.6906250000
7 0.5875000000 0.2039062500 0.0562500000 0.1765625000
7 0.5351562500 0.1890625000 0.0734375000 0.1937500000
7 0.4453125000 0.3500000000 0.0656250000 0.3250000000
7 0.4039062500 0.3781250000 0.0640625000 0.4562500000
7 0.2820312500 0.2906250000 0.0703125000 0.1281250000
3 0.5375000000 0.4234375000 0.9250000000 0.7406250000
