8 0.5953125000 0.5609375000 0.1312500000 0.0781250000
8 0.3765625000 0.5312500000 0.1125000000 0.1312500000
8 0.6617187500 0.7421875000 0.3609375000 0.2968750000
8 0.7570312500 0.8687500000 0.4859375000 0.2625000000
8 0.3664062500 0.5289062500 0.1453125000 0.1578125000
8 0.1781250000 0.7710937500 0.3531250000 0.4578125000
8 0.6492187500 0.5375000000 0.2046875000 0.1250000000
8 0.8789062500 0.5296875000 0.1984375000 0.0968750000
8 0.8859375000 0.5945312500 0.2281250000 0.1484375000
8 0.8351562500 0.6429687500 0.1234375000 0.1546875000
8 0.2304687500 0.4984375000 0.1046875000 0.1187500000
