8 0.4953125000 0.7187500000 0.6656250000 0.3312500000
10 0.8382812500 0.6968750000 0.1140625000 0.2781250000
10 0.7851562500 0.6031250000 0.0765625000 0.1468750000
10 0.6351562500 0.5750000000 0.1015625000 0.1218750000
10 0.6671875000 0.7585937500 0.1593750000 0.3671875000
10 0.5210937500 0.7789062500 0.1453125000 0.4359375000
10 0.3734375000 0.7445312500 0.1343750000 0.3859375000
10 0.2273437500 0.7570312500 0.1328125000 0.3890625000
10 0.0851562500 0.7226562500 0.1234375000 0.3265625000
10 0.2921875000 0.5617187500 0.0843750000 0.1484375000
10 0.4000000000 0.5593750000 0.0812500000 0.1406250000
10 0.5242187500 0.5632812500 0.1078125000 0.1359375000
