6 0.3382812500 0.6304687500 0.2359375000 0.2859375000
6 0.4875000000 0.6382812500 0.1875000000 0.2609375000
6 0.6437500000 0.6703125000 0.2562500000 0.2656250000
6 0.8054687500 0.6273437500 0.2078125000 0.2390625000
7 0.1554687500 0.4742187500 0.0578125000 0.1359375000
7 0.0968750000 0.5875000000 0.0656250000 0.2687500000
7 0.3601562500 0.5898437500 0.0953125000 0.2921875000
7 0.4898437500 0.5726562500 0.0890625000 0.3328125000
7 0.6109375000 0.4781250000 0.0468750000 0.1531250000
7 0.6578125000 0.5773437500 0.0781250000 0.3203125000
7 0.8179687500 0.5421875000 0.0640625000 0.2500000000
7 0.9132812500 0.5085937500 0.0515625000 0.1453125000
7 0.8781250000 0.4960937500 0.0531250000 0.1328125000
7 0.7000000000 0.4593750000 0.0625000000 0.1062500000
7 0.0523437500 0.5867187500 0.0640625000 0.2515625000
