10 0.9093750000 0.7875000000 0.1812500000 0.4250000000
10 0.6281250000 0.4265625000 0.0468750000 0.1343750000
10 0.5984375000 0.4609375000 0.0781250000 0.0843750000
10 0.5546875000 0.5078125000 0.0718750000 0.1562500000
10 0.3382812500 0.7515625000 0.2546875000 0.2843750000
10 0.1921875000 0.8203125000 0.1281250000 0.3468750000
10 0.1031250000 0.8398437500 0.1593750000 0.3203125000
10 0.7031250000 0.3937500000 0.0406250000 0.0687500000
10 0.7500000000 0.3851562500 0.0406250000 0.0734375000
10 0.6664062500 0.6562500000 0.0640625000 0.2656250000
8 0.7476562500 0.6789062500 0.3484375000 0.3578125000
8 0.7992187500 0.4914062500 0.2265625000 0.1734375000
