7 0.9078125000 0.6039062500 0.1843750000 0.5578125000
2 0.1671875000 0.2867187500 0.0468750000 0.2421875000
2 0.2359375000 0.2914062500 0.0531250000 0.1578125000
2 0.2835937500 0.3023437500 0.0484375000 0.1703125000
2 0.3171875000 0.3093750000 0.0375000000 0.1812500000
2 0.3585937500 0.3101562500 0.0484375000 0.1703125000
2 0.1328125000 0.2710937500 0.0562500000 0.1609375000
2 0.0156250000 0.2835937500 0.0312500000 0.1765625000
2 0.3468750000 0.4929687500 0.0500000000 0.1765625000
2 0.3078125000 0.4984375000 0.0656250000 0.1968750000
2 0.2726562500 0.5015625000 0.0609375000 0.2125000000
2 0.2234375000 0.5085937500 0.0531250000 0.1890625000
2 0.1304687500 0.5132812500 0.0453125000 0.1890625000
2 0.0875000000 0.4945312500 0.0531250000 0.1484375000
