1 0.7960937500 0.6851562500 0.1890625000 0.1515625000
1 0.9703125000 0.6117187500 0.0593750000 0.0984375000
1 0.8609375000 0.5812500000 0.0500000000 0.0531250000
1 0.6578125000 0.6320312500 0.1218750000 0.0859375000
1 0.5289062500 0.6132812500 0.0984375000 0.0578125000
1 0.2859375000 0.7054687500 0.1718750000 0.1359375000
1 0.3914062500 0.5523437500 0.1515625000 0.0609375000
1 0.5656250000 0.5140625000 0.1125000000 0.0593750000
1 0.3210937500 0.5000000000 0.0578125000 0.0656250000
1 0.1492187500 0.5148437500 0.2171875000 0.1265625000
