7 0.9367187500 0.4328125000 0.1265625000 0.4562500000
7 0.9710937500 0.1445312500 0.0578125000 0.1421875000
7 0.8875000000 0.1359375000 0.0656250000 0.1625000000
7 0.8179687500 0.3046875000 0.0828125000 0.4312500000
7 0.7546875000 0.4773437500 0.0812500000 0.2578125000
7 0.7640625000 0.5414062500 0.1812500000 0.4609375000
7 0.6921875000 0.2218750000 0.1343750000 0.3968750000
7 0.6375000000 0.1679687500 0.0781250000 0.2109375000
7 0.5820312500 0.1406250000 0.0921875000 0.2062500000
7 0.5109375000 0.2898437500 0.1343750000 0.5796875000
7 0.3273437500 0.3101562500 0.1796875000 0.5921875000
7 0.0937500000 0.6992187500 0.1875000000 0.6015625000
7 0.0828125000 0.3062500000 0.1656250000 0.6125000000
