7 0.7648437500 0.7429687500 0.0484375000 0.2578125000
7 0.8234375000 0.7320312500 0.0531250000 0.2265625000
7 0.8710937500 0.7132812500 0.0546875000 0.2390625000
7 0.9609375000 0.6289062500 0.0437500000 0.1203125000
7 0.9882812500 0.5929687500 0.0234375000 0.0703125000
7 0.1320312500 0.8140625000 0.0859375000 0.3718750000
7 0.2343750000 0.8203125000 0.1000000000 0.3593750000
7 0.3750000000 0.7390625000 0.0562500000 0.2281250000
7 0.4703125000 0.7343750000 0.0375000000 0.1843750000
7 0.5421875000 0.7203125000 0.0687500000 0.1687500000
