7 0.9343750000 0.3007812500 0.1312500000 0.4859375000
7 0.6937500000 0.4632812500 0.1468750000 0.5234375000
7 0.5843750000 0.3398437500 0.0718750000 0.3796875000
7 0.5312500000 0.2164062500 0.0593750000 0.1734375000
7 0.5093750000 0.6187500000 0.1468750000 0.7468750000
7 0.4054687500 0.3171875000 0.1265625000 0.4843750000
7 0.2820312500 0.3898437500 0.1953125000 0.5734375000
8 0.1648437500 0.8640625000 0.3296875000 0.2718750000
8 0.9187500000 0.7703125000 0.1625000000 0.4593750000
10 0.7804687500 0.8437500000 0.3328125000 0.3125000000
5 0.9648437500 0.5492187500 0.0703125000 0.1328125000
5 0.1820312500 0.7875000000 0.0796875000 0.2062500000
