6 0.8031250000 0.6960937500 0.2687500000 0.3953125000
6 0.6468750000 0.5226562500 0.1468750000 0.1765625000
6 0.4875000000 0.6546875000 0.2218750000 0.2968750000
6 0.3781250000 0.5921875000 0.1312500000 0.2093750000
6 0.1976562500 0.6703125000 0.2203125000 0.3031250000
6 0.0695312500 0.6031250000 0.1390625000 0.2312500000
7 0.2226562500 0.4875000000 0.0984375000 0.2687500000
7 0.1187500000 0.4789062500 0.0625000000 0.1640625000
7 0.3757812500 0.4546875000 0.0765625000 0.2500000000
7 0.3117187500 0.4578125000 0.0546875000 0.1937500000
7 0.4843750000 0.4281250000 0.0875000000 0.2750000000
7 0.5812500000 0.3921875000 0.0500000000 0.1781250000
7 0.6273437500 0.4101562500 0.0359375000 0.1671875000
7 0.6664062500 0.4125000000 0.0578125000 0.2156250000
7 0.7312500000 0.3843750000 0.0656250000 0.2500000000
7 0.8179687500 0.4132812500 0.1328125000 0.3765625000
