7 0.4835937500 0.7750000000 0.0421875000 0.1531250000
7 0.7000000000 0.7593750000 0.0593750000 0.1562500000
7 0.9742187500 0.8093750000 0.0515625000 0.2437500000
7 0.4085937500 0.7507812500 0.0328125000 0.1390625000
7 0.3726562500 0.7585937500 0.0296875000 0.1140625000
7 0.3203125000 0.7515625000 0.0437500000 0.1093750000
7 0.5890625000 0.7484375000 0.0625000000 0.1156250000
9 0.8734375000 0.7492187500 0.0718750000 0.0796875000
9 0.6593750000 0.7421875000 0.0750000000 0.0781250000
9 0.7687500000 0.7164062500 0.0656250000 0.0921875000
3 0.1695312500 0.7093750000 0.3390625000 0.4500000000
