6 0.7164062500 0.8125000000 0.3078125000 0.3187500000
6 0.8406250000 0.7828125000 0.2781250000 0.3093750000
6 0.9789062500 0.7578125000 0.0421875000 0.1250000000
9 0.6804687500 0.7468750000 0.3765625000 0.2250000000
6 0.4054687500 0.7039062500 0.0421875000 0.0890625000
6 0.3421875000 0.7054687500 0.0468750000 0.1234375000
6 0.2781250000 0.6984375000 0.0375000000 0.0781250000
6 0.0625000000 0.6789062500 0.0687500000 0.0984375000
6 0.1117187500 0.6976562500 0.0390625000 0.0671875000
6 0.2296875000 0.7062500000 0.0500000000 0.0750000000
6 0.1937500000 0.7054687500 0.0250000000 0.0578125000
6 0.5234375000 0.6960937500 0.0406250000 0.0984375000
