6 0.5671875000 0.7000000000 0.1906250000 0.3937500000
7 0.4593750000 0.4687500000 0.0562500000 0.1562500000
7 0.4257812500 0.4601562500 0.0578125000 0.1484375000
7 0.5218750000 0.4585937500 0.0406250000 0.1203125000
7 0.5585937500 0.4460937500 0.0265625000 0.1484375000
7 0.6367187500 0.4546875000 0.0421875000 0.1500000000
7 0.6789062500 0.4640625000 0.0359375000 0.1468750000
7 0.7085937500 0.4453125000 0.0515625000 0.1406250000
7 0.7546875000 0.5117187500 0.0375000000 0.2265625000
7 0.8078125000 0.4945312500 0.0656250000 0.2390625000
7 0.9101562500 0.5210937500 0.0515625000 0.2203125000
7 0.9554687500 0.5031250000 0.0546875000 0.1718750000
9 0.3031250000 0.5375000000 0.2343750000 0.2437500000
9 0.1234375000 0.5437500000 0.2468750000 0.3656250000
