7 0.6320312500 0.2500000000 0.0765625000 0.2156250000
7 0.7054687500 0.2492187500 0.0515625000 0.1890625000
7 0.8718750000 0.2593750000 0.1437500000 0.4187500000
5 0.7390625000 0.5226562500 0.0625000000 0.1703125000
5 0.3515625000 0.4757812500 0.0750000000 0.1296875000
5 0.0367187500 0.5562500000 0.0734375000 0.1437500000
5 0.3500000000 0.2523437500 0.0437500000 0.0640625000
5 0.5007812500 0.2523437500 0.0359375000 0.0578125000
10 0.3578125000 0.3648437500 0.1187500000 0.1796875000
10 0.2390625000 0.3335937500 0.0906250000 0.1828125000
10 0.1648437500 0.3882812500 0.0953125000 0.1796875000
10 0.5843750000 0.3335937500 0.1093750000 0.1171875000
10 0.0875000000 0.3273437500 0.0812500000 0.1640625000
