2 0.2710937500 0.3539062500 0.0828125000 0.2921875000
2 0.9437500000 0.1156250000 0.0656250000 0.2312500000
2 0.8875000000 0.1273437500 0.0593750000 0.2546875000
2 0.8031250000 0.1070312500 0.0375000000 0.2140625000
10 0.7054687500 0.5484375000 0.2109375000 0.5593750000
10 0.5328125000 0.8992187500 0.3625000000 0.2015625000
10 0.3453125000 0.2804687500 0.2281250000 0.2390625000
10 0.9437500000 0.7164062500 0.1125000000 0.5671875000
5 0.3257812500 0.5601562500 0.1359375000 0.1796875000
5 0.7445312500 0.1179687500 0.0546875000 0.1359375000
5 0.6093750000 0.0890625000 0.1156250000 0.0937500000
8 0.2648437500 0.5960937500 0.5296875000 0.5296875000
