7 0.7828125000 0.3148437500 0.0875000000 0.1890625000
7 0.4703125000 0.3023437500 0.0812500000 0.1890625000
7 0.3742187500 0.3710937500 0.0953125000 0.2515625000
7 0.3054687500 0.3539062500 0.0484375000 0.1359375000
7 0.2773437500 0.2812500000 0.0640625000 0.1656250000
7 0.2234375000 0.2921875000 0.0500000000 0.1312500000
0 0.2734375000 0.6515625000 0.1437500000 0.4281250000
0 0.1234375000 0.6445312500 0.1750000000 0.6484375000
6 0.6875000000 0.7585937500 0.5718750000 0.4828125000
6 0.7265625000 0.6882812500 0.5468750000 0.2984375000
6 0.7031250000 0.5195312500 0.4343750000 0.2328125000
9 0.6289062500 0.3132812500 0.2421875000 0.1953125000
