0 0.0953125000 0.6296875000 0.1750000000 0.3375000000
0 0.3937500000 0.5343750000 0.0812500000 0.1968750000
0 0.4625000000 0.5328125000 0.0875000000 0.1531250000
0 0.5640625000 0.5343750000 0.1156250000 0.1375000000
0 0.6867187500 0.5453125000 0.1609375000 0.1250000000
6 0.8140625000 0.5398437500 0.1062500000 0.1390625000
6 0.2890625000 0.5195312500 0.0718750000 0.1484375000
6 0.1953125000 0.4679687500 0.0812500000 0.0921875000
7 0.0656250000 0.5156250000 0.1312500000 0.4250000000
7 0.3867187500 0.4265625000 0.0609375000 0.1781250000
7 0.4593750000 0.4234375000 0.0531250000 0.1718750000
7 0.5187500000 0.4414062500 0.0593750000 0.1921875000
7 0.5648437500 0.4367187500 0.0640625000 0.1640625000
7 0.6593750000 0.4437500000 0.0750000000 0.2031250000
7 0.7835937500 0.4671875000 0.0796875000 0.1875000000
