2 0.0750000000 0.4789062500 0.0281250000 0.1796875000
2 0.0375000000 0.4718750000 0.0468750000 0.1968750000
2 0.5054687500 0.6015625000 0.0515625000 0.1531250000
2 0.5375000000 0.6015625000 0.0562500000 0.1343750000
2 0.5757812500 0.6070312500 0.0484375000 0.1265625000
2 0.4828125000 0.4453125000 0.0406250000 0.1593750000
2 0.5203125000 0.4710937500 0.0562500000 0.1546875000
2 0.5710937500 0.4507812500 0.0484375000 0.1328125000
2 0.6210937500 0.4617187500 0.0671875000 0.1328125000
2 0.4078125000 0.4687500000 0.0468750000 0.1406250000
2 0.4773437500 0.3195312500 0.0453125000 0.1484375000
2 0.5203125000 0.3000000000 0.0343750000 0.1218750000
2 0.5492187500 0.3109375000 0.0296875000 0.1062500000
2 0.6015625000 0.3226562500 0.0531250000 0.1578125000
2 0.6445312500 0.3242187500 0.0484375000 0.1265625000
2 0.6867187500 0.3093750000 0.0359375000 0.1218750000
2 0.4132812500 0.1656250000 0.0265625000 0.1218750000
2 0.3750000000 0.1507812500 0.0625000000 0.1609375000
2 0.4843750000 0.1843750000 0.0343750000 0.1437500000
2 0.5304687500 0.1976562500 0.0546875000 0.1203125000
5 0.7234375000 0.6812500000 0.2250000000 0.3500000000
5 0.3984375000 0.8093750000 0.1281250000 0.2625000000
7 0.2171875000 0.5960937500 0.3218750000 0.8078125000
7 0.8281250000 0.5890625000 0.2687500000 0.8218750000
