2 0.8828125000 0.2734375000 0.1250000000 0.5000000000
2 0.7945312500 0.2609375000 0.1328125000 0.4656250000
2 0.7070312500 0.2695312500 0.0734375000 0.4578125000
2 0.6226562500 0.2437500000 0.0484375000 0.4781250000
2 0.5398437500 0.2757812500 0.0671875000 0.4609375000
2 0.4484375000 0.2554687500 0.0718750000 0.4484375000
2 0.3718750000 0.2664062500 0.0656250000 0.4734375000
2 0.3054687500 0.2734375000 0.0703125000 0.4343750000
2 0.2101562500 0.2523437500 0.0484375000 0.4328125000
2 0.1078125000 0.2742187500 0.1281250000 0.5015625000
