0 0.2015625000 0.6976562500 0.1062500000 0.2890625000
0 0.3921875000 0.7656250000 0.1437500000 0.2875000000
0 0.5195312500 0.6406250000 0.1390625000 0.2562500000
0 0.6617187500 0.5687500000 0.1296875000 0.2000000000
0 0.7671875000 0.7492187500 0.0781250000 0.3828125000
7 0.8507812500 0.4820312500 0.1578125000 0.3671875000
7 0.6781250000 0.4203125000 0.1156250000 0.1750000000
7 0.5156250000 0.4320312500 0.1062500000 0.2265625000
7 0.3859375000 0.4773437500 0.1531250000 0.3234375000
7 0.1210937500 0.4500000000 0.1390625000 0.3187500000
