8 0.5437500000 0.7882812500 0.2937500000 0.4203125000
10 0.7851562500 0.7070312500 0.4296875000 0.5390625000
7 0.9085937500 0.4687500000 0.0734375000 0.2187500000
7 0.8273437500 0.4429687500 0.1203125000 0.3515625000
7 0.5328125000 0.4617187500 0.0843750000 0.2640625000
7 0.4445312500 0.4000000000 0.0921875000 0.3437500000
7 0.2781250000 0.3828125000 0.1156250000 0.4375000000
7 0.1242187500 0.3289062500 0.1609375000 0.4890625000
7 0.1570312500 0.6703125000 0.2984375000 0.3093750000
7 0.1796875000 0.9132812500 0.3593750000 0.1734375000
2 0.5343750000 0.5976562500 0.0500000000 0.1484375000
2 0.6023437500 0.6093750000 0.0609375000 0.1406250000
