8 0.4953125000 0.5546875000 0.7156250000 0.4343750000
10 0.6742187500 0.7953125000 0.2453125000 0.4093750000
10 0.9101562500 0.6562500000 0.1796875000 0.5343750000
10 0.3093750000 0.2000000000 0.0906250000 0.1968750000
10 0.3867187500 0.1476562500 0.0796875000 0.1453125000
10 0.6773437500 0.1664062500 0.1046875000 0.2078125000
10 0.7875000000 0.1882812500 0.0906250000 0.1921875000
5 0.3718750000 0.5023437500 0.0500000000 0.1328125000
5 0.5742187500 0.3648437500 0.0578125000 0.1390625000
2 0.5156250000 0.3460937500 0.0562500000 0.2140625000
2 0.1710937500 0.1171875000 0.0453125000 0.1531250000
