10 0.5031250000 0.7429687500 0.1187500000 0.2265625000
10 0.7789062500 0.7085937500 0.0703125000 0.1859375000
10 0.6625000000 0.7632812500 0.1375000000 0.1859375000
10 0.7968750000 0.8875000000 0.2875000000 0.1093750000
10 0.4054687500 0.9492187500 0.1734375000 0.1015625000
10 0.8617187500 0.6398437500 0.0796875000 0.1546875000
8 0.6125000000 0.6343750000 0.2468750000 0.1750000000
8 0.7218750000 0.9437500000 0.4843750000 0.1125000000
8 0.9132812500 0.8171875000 0.1734375000 0.2468750000
8 0.9500000000 0.6468750000 0.1000000000 0.1625000000
