0 0.1195312500 0.7398437500 0.2390625000 0.2390625000
0 0.4445312500 0.6812500000 0.0953125000 0.1656250000
0 0.3632812500 0.9164062500 0.1921875000 0.1671875000
0 0.6390625000 0.7484375000 0.1843750000 0.3500000000
0 0.8968750000 0.7664062500 0.1187500000 0.2828125000
7 0.8632812500 0.5234375000 0.0921875000 0.2750000000
7 0.6164062500 0.5125000000 0.0859375000 0.2468750000
7 0.4507812500 0.4820312500 0.0515625000 0.2765625000
7 0.3539062500 0.5296875000 0.1078125000 0.3875000000
7 0.1218750000 0.5101562500 0.1156250000 0.2515625000
