5 0.6023437500 0.4921875000 0.2171875000 0.3656250000
5 0.4156250000 0.5523437500 0.1843750000 0.4140625000
9 0.3093750000 0.3937500000 0.0906250000 0.1062500000
9 0.2523437500 0.3750000000 0.1140625000 0.1062500000
9 0.1343750000 0.4898437500 0.0656250000 0.1734375000
9 0.0390625000 0.4578125000 0.0781250000 0.1187500000
9 0.1789062500 0.3156250000 0.0859375000 0.1125000000
9 0.1203125000 0.3117187500 0.0906250000 0.1390625000
9 0.0960937500 0.2718750000 0.0671875000 0.1125000000
9 0.0453125000 0.2625000000 0.0906250000 0.1437500000
