5 0.5132812500 0.5000000000 0.3703125000 0.4687500000
8 0.5031250000 0.7039062500 0.9937500000 0.5921875000
2 0.0992187500 0.1343750000 0.0984375000 0.1312500000
2 0.1820312500 0.1132812500 0.0890625000 0.1953125000
2 0.2492187500 0.1093750000 0.0640625000 0.2062500000
2 0.3039062500 0.1046875000 0.0578125000 0.1812500000
2 0.3414062500 0.1054687500 0.1015625000 0.1921875000
2 0.4882812500 0.0968750000 0.0921875000 0.1750000000
2 0.5726562500 0.1007812500 0.0640625000 0.1703125000
2 0.6492187500 0.0968750000 0.0921875000 0.1781250000
2 0.6992187500 0.0976562500 0.0828125000 0.1640625000
2 0.7945312500 0.0921875000 0.0671875000 0.1718750000
2 0.8609375000 0.1023437500 0.0687500000 0.1796875000
2 0.9320312500 0.0929687500 0.0703125000 0.1859375000
2 0.9765625000 0.0914062500 0.0468750000 0.1765625000
