3 0.1234375000 0.5796875000 0.2031250000 0.2281250000
3 0.2781250000 0.5640625000 0.1156250000 0.2281250000
7 0.3398437500 0.6312500000 0.0609375000 0.1531250000
7 0.3031250000 0.6304687500 0.0437500000 0.2046875000
7 0.3828125000 0.6203125000 0.0562500000 0.1062500000
7 0.4234375000 0.6296875000 0.0375000000 0.0875000000
7 0.4546875000 0.6312500000 0.0375000000 0.1437500000
7 0.4960937500 0.6445312500 0.0578125000 0.1015625000
7 0.7351562500 0.6460937500 0.0515625000 0.1171875000
7 0.8742187500 0.6429687500 0.0421875000 0.1109375000
7 0.9156250000 0.6398437500 0.0562500000 0.0921875000
7 0.9765625000 0.6679687500 0.0406250000 0.1515625000
9 0.6531250000 0.6117187500 0.0875000000 0.1140625000
