1 0.6039062500 0.7804687500 0.1390625000 0.1765625000
1 0.6546875000 0.6734375000 0.0625000000 0.0656250000
7 0.1945312500 0.8773437500 0.0484375000 0.1046875000
7 0.2898437500 0.8843750000 0.0515625000 0.1062500000
7 0.2687500000 0.8281250000 0.0375000000 0.0781250000
7 0.2476562500 0.7968750000 0.0421875000 0.0968750000
7 0.2171875000 0.8140625000 0.0406250000 0.0656250000
7 0.3289062500 0.7937500000 0.0453125000 0.0781250000
7 0.4117187500 0.8148437500 0.0515625000 0.0640625000
7 0.3242187500 0.8500000000 0.0515625000 0.0750000000
