7 0.9117187500 0.5625000000 0.0546875000 0.2656250000
7 0.6843750000 0.5523437500 0.0500000000 0.2234375000
7 0.6328125000 0.5429687500 0.0437500000 0.2828125000
7 0.5914062500 0.5429687500 0.0390625000 0.2390625000
7 0.5531250000 0.5046875000 0.0656250000 0.2343750000
7 0.4875000000 0.5125000000 0.0906250000 0.2656250000
7 0.4359375000 0.5023437500 0.0625000000 0.2578125000
7 0.4000000000 0.5195312500 0.0656250000 0.2390625000
7 0.3515625000 0.5367187500 0.0593750000 0.2703125000
7 0.3140625000 0.5132812500 0.0625000000 0.2265625000
7 0.2695312500 0.5148437500 0.0765625000 0.2796875000
7 0.1937500000 0.5054687500 0.0843750000 0.2046875000
7 0.1546875000 0.5156250000 0.0687500000 0.2187500000
7 0.1289062500 0.5187500000 0.0796875000 0.2406250000
7 0.0609375000 0.4609375000 0.0781250000 0.2125000000
3 0.6265625000 0.3718750000 0.3593750000 0.4218750000
3 0.8867187500 0.3851562500 0.2265625000 0.2703125000
9 0.7687500000 0.5445312500 0.1406250000 0.1734375000
9 0.8585937500 0.5125000000 0.0640625000 0.1531250000
9 0.9515625000 0.5140625000 0.0968750000 0.1375000000
