8 0.6742187500 0.8585937500 0.6515625000 0.2828125000
8 0.1585937500 0.7312500000 0.1765625000 0.1750000000
10 0.8265625000 0.6835937500 0.1156250000 0.1296875000
10 0.7757812500 0.6546875000 0.0859375000 0.1531250000
7 0.6125000000 0.4898437500 0.0468750000 0.1671875000
7 0.5281250000 0.4648437500 0.0437500000 0.1046875000
7 0.5625000000 0.4414062500 0.0437500000 0.1109375000
7 0.4875000000 0.4640625000 0.0500000000 0.1437500000
7 0.4281250000 0.4531250000 0.0500000000 0.1500000000
7 0.3570312500 0.6046875000 0.0734375000 0.1750000000
7 0.2945312500 0.5218750000 0.0546875000 0.1281250000
