8 0.2726562500 0.7273437500 0.1390625000 0.1421875000
8 0.4796875000 0.7101562500 0.0906250000 0.1328125000
8 0.6765625000 0.7109375000 0.1312500000 0.1156250000
8 0.8000000000 0.8835937500 0.2187500000 0.2328125000
8 0.4742187500 0.8828125000 0.1328125000 0.1968750000
10 0.1757812500 0.7476562500 0.1265625000 0.2015625000
10 0.3500000000 0.7765625000 0.0875000000 0.2406250000
10 0.5656250000 0.6671875000 0.0968750000 0.0750000000
10 0.5640625000 0.7781250000 0.0781250000 0.1312500000
10 0.6046875000 0.9312500000 0.1343750000 0.1187500000
