5 0.3914062500 0.8687500000 0.0765625000 0.1781250000
5 0.5000000000 0.8445312500 0.0750000000 0.1703125000
8 0.4000000000 0.9437500000 0.2687500000 0.1125000000
7 0.0984375000 0.6171875000 0.1968750000 0.6093750000
7 0.0226562500 0.1812500000 0.0453125000 0.1750000000
7 0.2109375000 0.5242187500 0.0750000000 0.1796875000
7 0.2578125000 0.7171875000 0.1156250000 0.2812500000
7 0.3992187500 0.5007812500 0.2265625000 0.3828125000
7 0.7304687500 0.6265625000 0.2421875000 0.7031250000
7 0.5078125000 0.0640625000 0.0812500000 0.1281250000
7 0.4125000000 0.0851562500 0.0500000000 0.1703125000
7 0.3367187500 0.1156250000 0.0609375000 0.1781250000
7 0.2515625000 0.1367187500 0.0562500000 0.1328125000
