8 0.5281250000 0.7882812500 0.4687500000 0.2546875000
8 0.6093750000 0.6445312500 0.3031250000 0.2015625000
5 0.6507812500 0.6593750000 0.0609375000 0.1843750000
5 0.5726562500 0.6515625000 0.0609375000 0.1343750000
5 0.6882812500 0.5882812500 0.0328125000 0.0578125000
10 0.8539062500 0.8171875000 0.2796875000 0.3562500000
10 0.8468750000 0.6203125000 0.2156250000 0.1750000000
7 0.1960937500 0.3945312500 0.2390625000 0.7484375000
7 0.4164062500 0.3156250000 0.1234375000 0.4812500000
7 0.5687500000 0.3140625000 0.0906250000 0.4625000000
7 0.6625000000 0.3304687500 0.1000000000 0.4359375000
7 0.0640625000 0.3257812500 0.1281250000 0.4515625000
