1 0.4156250000 0.8406250000 0.5000000000 0.3187500000
1 0.1515625000 0.6617187500 0.1593750000 0.1734375000
1 0.4429687500 0.5351562500 0.1109375000 0.1453125000
1 0.5460937500 0.5484375000 0.1296875000 0.1406250000
1 0.6890625000 0.5593750000 0.1593750000 0.1125000000
1 0.0414062500 0.4820312500 0.0828125000 0.1359375000
1 0.2414062500 0.4851562500 0.1734375000 0.1171875000
1 0.6945312500 0.8742187500 0.2265625000 0.2421875000
1 0.8781250000 0.8593750000 0.2406250000 0.2812500000
1 0.9117187500 0.6125000000 0.1765625000 0.1687500000
