7 0.2289062500 0.6882812500 0.0546875000 0.1828125000
7 0.1781250000 0.6804687500 0.0500000000 0.1046875000
7 0.1656250000 0.7562500000 0.0625000000 0.1406250000
7 0.3617187500 0.7382812500 0.0640625000 0.1234375000
7 0.3281250000 0.7007812500 0.0562500000 0.1703125000
6 0.7875000000 0.8671875000 0.2656250000 0.2406250000
6 0.4140625000 0.8718750000 0.2156250000 0.2031250000
6 0.5656250000 0.7992187500 0.1468750000 0.2609375000
6 0.3101562500 0.8375000000 0.1359375000 0.1687500000
6 0.8671875000 0.7359375000 0.2656250000 0.2656250000
6 0.7093750000 0.7789062500 0.2406250000 0.3390625000
6 0.0765625000 0.8414062500 0.1375000000 0.2390625000
10 0.1937500000 0.8773437500 0.1000000000 0.1671875000
