8 0.7140625000 0.9320312500 0.5718750000 0.1359375000
8 0.8375000000 0.4781250000 0.3250000000 0.3875000000
7 0.8234375000 0.1765625000 0.0843750000 0.2343750000
7 0.9101562500 0.1343750000 0.0921875000 0.2468750000
7 0.6492187500 0.1523437500 0.2140625000 0.3046875000
7 0.2687500000 0.2359375000 0.2281250000 0.4718750000
7 0.5234375000 0.5882812500 0.3031250000 0.7828125000
7 0.0742187500 0.7304687500 0.1484375000 0.5390625000
10 0.2531250000 0.3828125000 0.3093750000 0.7656250000
10 0.1281250000 0.5773437500 0.2562500000 0.3921875000
