3 0.4562500000 0.4023437500 0.5437500000 0.6296875000
3 0.1406250000 0.4976562500 0.1531250000 0.5828125000
7 0.6250000000 0.5273437500 0.0500000000 0.1671875000
7 0.5828125000 0.5148437500 0.0343750000 0.1734375000
7 0.4898437500 0.4976562500 0.0515625000 0.1328125000
7 0.3914062500 0.2851562500 0.0296875000 0.1015625000
7 0.5054687500 0.2343750000 0.0515625000 0.1125000000
7 0.5859375000 0.2687500000 0.0500000000 0.1375000000
7 0.6242187500 0.2632812500 0.0359375000 0.0921875000
7 0.7398437500 0.5937500000 0.0640625000 0.3562500000
7 0.8085937500 0.6101562500 0.0703125000 0.2984375000
7 0.8648437500 0.6375000000 0.0546875000 0.3125000000
7 0.9820312500 0.6421875000 0.0359375000 0.2437500000
