9 0.0539062500 0.4945312500 0.1078125000 0.1203125000
9 0.2039062500 0.4789062500 0.1328125000 0.0921875000
9 0.3437500000 0.4335937500 0.0812500000 0.0828125000
9 0.4546875000 0.4585937500 0.0687500000 0.0984375000
9 0.2226562500 0.4351562500 0.1015625000 0.0796875000
9 0.0390625000 0.4304687500 0.0781250000 0.0796875000
9 0.5398437500 0.4492187500 0.1015625000 0.0796875000
9 0.6476562500 0.4390625000 0.0703125000 0.1031250000
9 0.8171875000 0.4367187500 0.0843750000 0.0546875000
9 0.8640625000 0.5093750000 0.1000000000 0.1218750000
9 0.9289062500 0.4453125000 0.0609375000 0.0687500000
9 0.9593750000 0.4906250000 0.0812500000 0.1000000000
10 0.4000000000 0.6703125000 0.3906250000 0.2281250000
8 0.4570312500 0.5367187500 0.3984375000 0.1953125000
