8 0.6867187500 0.7843750000 0.6265625000 0.4312500000
8 0.3859375000 0.5945312500 0.3593750000 0.1953125000
10 0.6757812500 0.5648437500 0.0828125000 0.0984375000
10 0.6031250000 0.5546875000 0.0625000000 0.0718750000
10 0.5367187500 0.5484375000 0.0671875000 0.0781250000
10 0.8031250000 0.5929687500 0.1000000000 0.0984375000
10 0.8320312500 0.6468750000 0.0734375000 0.0625000000
10 0.5593750000 0.8437500000 0.1875000000 0.2875000000
10 0.4750000000 0.7632812500 0.1125000000 0.2203125000
10 0.4382812500 0.6929687500 0.0890625000 0.1546875000
10 0.3804687500 0.6492187500 0.0953125000 0.1546875000
10 0.0796875000 0.8742187500 0.1468750000 0.2515625000
10 0.1140625000 0.8171875000 0.1812500000 0.3093750000
10 0.1187500000 0.7046875000 0.1312500000 0.1781250000
10 0.1257812500 0.6328125000 0.1203125000 0.1343750000
