9 0.8460937500 0.3101562500 0.1171875000 0.2984375000
9 0.9500000000 0.4382812500 0.1000000000 0.2046875000
9 0.8007812500 0.7460937500 0.1734375000 0.5078125000
9 0.9492187500 0.7664062500 0.1015625000 0.4390625000
6 0.5804687500 0.5312500000 0.2359375000 0.2781250000
6 0.5984375000 0.3687500000 0.1718750000 0.2218750000
6 0.6195312500 0.2445312500 0.1609375000 0.1421875000
6 0.6328125000 0.1703125000 0.1531250000 0.2000000000
6 0.6781250000 0.0757812500 0.1187500000 0.1515625000
9 0.8468750000 0.0937500000 0.0937500000 0.1593750000
