7 0.3312500000 0.4554687500 0.1093750000 0.7390625000
7 0.1054687500 0.3710937500 0.0609375000 0.2078125000
7 0.0578125000 0.3554687500 0.0375000000 0.2609375000
9 0.5851562500 0.3507812500 0.1296875000 0.2234375000
9 0.4031250000 0.3460937500 0.1312500000 0.2328125000
9 0.4671875000 0.2992187500 0.0593750000 0.1484375000
9 0.7625000000 0.3273437500 0.1062500000 0.2078125000
9 0.6875000000 0.3179687500 0.0968750000 0.2359375000
9 0.2203125000 0.2585937500 0.0562500000 0.1296875000
3 0.6179687500 0.2125000000 0.3046875000 0.1937500000
3 0.8968750000 0.2515625000 0.2062500000 0.3781250000
9 0.9312500000 0.5976562500 0.1375000000 0.3890625000
