3 0.2984375000 0.6953125000 0.1750000000 0.4250000000
3 0.4765625000 0.7015625000 0.1781250000 0.2812500000
9 0.1703125000 0.8281250000 0.1031250000 0.2031250000
9 0.0437500000 0.8609375000 0.0875000000 0.1843750000
9 0.8453125000 0.5609375000 0.0937500000 0.1125000000
9 0.7531250000 0.4718750000 0.0781250000 0.0656250000
9 0.7296875000 0.4117187500 0.0343750000 0.0359375000
9 0.6585937500 0.4140625000 0.0453125000 0.0531250000
9 0.6054687500 0.3789062500 0.0265625000 0.0390625000
9 0.1054687500 0.7312500000 0.0734375000 0.1500000000
9 0.1382812500 0.6523437500 0.0640625000 0.1140625000
9 0.2070312500 0.6687500000 0.0484375000 0.1312500000
9 0.0687500000 0.5937500000 0.1156250000 0.1781250000
9 0.3960937500 0.5351562500 0.0421875000 0.0578125000
9 0.3273437500 0.4578125000 0.0390625000 0.0750000000
9 0.1648437500 0.4953125000 0.0484375000 0.0593750000
