2 0.8429687500 0.5585937500 0.2640625000 0.8265625000
2 0.7195312500 0.5515625000 0.1515625000 0.7375000000
2 0.6132812500 0.5117187500 0.1171875000 0.6078125000
2 0.5000000000 0.5273437500 0.1531250000 0.5265625000
2 0.4273437500 0.5343750000 0.0890625000 0.5062500000
2 0.3726562500 0.5390625000 0.1140625000 0.5093750000
2 0.2921875000 0.5796875000 0.0968750000 0.4281250000
5 0.1500000000 0.7492187500 0.1687500000 0.1078125000
5 0.4492187500 0.8273437500 0.1953125000 0.1578125000
5 0.5414062500 0.8578125000 0.2078125000 0.1656250000
