10 0.5562500000 0.5921875000 0.1343750000 0.3718750000
10 0.5726562500 0.2437500000 0.1546875000 0.4156250000
10 0.6968750000 0.1101562500 0.0750000000 0.2203125000
10 0.3320312500 0.6484375000 0.0609375000 0.2687500000
10 0.2890625000 0.4570312500 0.0875000000 0.2203125000
10 0.2132812500 0.3593750000 0.1015625000 0.2093750000
10 0.0882812500 0.5132812500 0.0703125000 0.2296875000
7 0.4679687500 0.7687500000 0.1328125000 0.3875000000
7 0.4265625000 0.8476562500 0.0750000000 0.3046875000
10 0.2781250000 0.7984375000 0.0656250000 0.2500000000
