6 0.6328125000 0.6234375000 0.4906250000 0.5687500000
6 0.8445312500 0.4328125000 0.1609375000 0.2500000000
6 0.1398437500 0.7796875000 0.2796875000 0.3250000000
6 0.3164062500 0.5531250000 0.2671875000 0.3468750000
6 0.1343750000 0.4210937500 0.1968750000 0.1765625000
7 0.4953125000 0.4585937500 0.2000000000 0.6203125000
7 0.2718750000 0.4359375000 0.1031250000 0.3125000000
7 0.3335937500 0.4562500000 0.1328125000 0.4687500000
7 0.6125000000 0.4320312500 0.1812500000 0.6984375000
7 0.6343750000 0.3851562500 0.0968750000 0.2859375000
7 0.7867187500 0.3351562500 0.0859375000 0.2890625000
7 0.7398437500 0.3187500000 0.0734375000 0.2125000000
7 0.7039062500 0.3023437500 0.0609375000 0.1734375000
9 0.9273437500 0.3304687500 0.1453125000 0.2640625000
