7 0.2703125000 0.7929687500 0.1093750000 0.3640625000
7 0.1523437500 0.7843750000 0.1140625000 0.3718750000
7 0.0726562500 0.7515625000 0.0828125000 0.2781250000
7 0.3437500000 0.7390625000 0.0562500000 0.2812500000
7 0.5000000000 0.7039062500 0.0406250000 0.1546875000
7 0.6976562500 0.6875000000 0.0328125000 0.1156250000
7 0.8539062500 0.7484375000 0.0671875000 0.2375000000
7 0.9765625000 0.7023437500 0.0468750000 0.1328125000
6 0.7132812500 0.7976562500 0.1171875000 0.1015625000
6 0.9578125000 0.8171875000 0.0843750000 0.1375000000
6 0.5453125000 0.7132812500 0.0281250000 0.0890625000
7 0.6500000000 0.7203125000 0.0437500000 0.1000000000
7 0.5750000000 0.6851562500 0.0406250000 0.0984375000
7 0.9007812500 0.7085937500 0.0328125000 0.1140625000
7 0.9460937500 0.7117187500 0.0296875000 0.1109375000
6 0.4656250000 0.7414062500 0.0468750000 0.1265625000
9 0.4296875000 0.6703125000 0.0781250000 0.0562500000
9 0.3398437500 0.6523437500 0.0890625000 0.1359375000
