3 0.2132812500 0.7093750000 0.1640625000 0.1250000000
3 0.5273437500 0.6968750000 0.2265625000 0.1062500000
3 0.9304687500 0.5890625000 0.0828125000 0.0718750000
9 0.8203125000 0.6898437500 0.0375000000 0.0640625000
9 0.3179687500 0.8789062500 0.0484375000 0.1140625000
9 0.2835937500 0.9523437500 0.0390625000 0.0953125000
9 0.2289062500 0.9304687500 0.0703125000 0.1390625000
9 0.5359375000 0.5828125000 0.0312500000 0.0906250000
9 0.5437500000 0.4835937500 0.0343750000 0.0609375000
9 0.5453125000 0.4242187500 0.0250000000 0.0734375000
9 0.5796875000 0.3210937500 0.0312500000 0.1109375000
