2 0.7921875000 0.4312500000 0.0656250000 0.2406250000
2 0.8648437500 0.4234375000 0.0984375000 0.2093750000
2 0.7117187500 0.4320312500 0.0796875000 0.2671875000
2 0.6539062500 0.4367187500 0.0671875000 0.2640625000
2 0.5703125000 0.4078125000 0.0562500000 0.2437500000
2 0.5351562500 0.7765625000 0.0765625000 0.1937500000
2 0.5804687500 0.7531250000 0.0671875000 0.2468750000
2 0.6515625000 0.7812500000 0.0531250000 0.1906250000
2 0.7031250000 0.7734375000 0.0656250000 0.2281250000
2 0.7781250000 0.8000000000 0.0593750000 0.1750000000
2 0.8265625000 0.8156250000 0.0875000000 0.1875000000
