10 0.3312500000 0.7390625000 0.2968750000 0.3250000000
10 0.2914062500 0.5453125000 0.2046875000 0.1750000000
10 0.2773437500 0.4539062500 0.2203125000 0.1546875000
10 0.2445312500 0.3812500000 0.1078125000 0.1031250000
10 0.2218750000 0.3171875000 0.0843750000 0.1000000000
10 0.9210937500 0.4789062500 0.1171875000 0.1671875000
10 0.8382812500 0.4453125000 0.0859375000 0.1843750000
10 0.7390625000 0.4085937500 0.0937500000 0.1515625000
10 0.6687500000 0.3343750000 0.0687500000 0.1687500000
8 0.6539062500 0.6078125000 0.6921875000 0.7843750000
