5 0.8023437500 0.5406250000 0.0671875000 0.1093750000
5 0.6609375000 0.4968750000 0.0656250000 0.1343750000
5 0.5554687500 0.5351562500 0.0609375000 0.1578125000
5 0.2859375000 0.6257812500 0.0656250000 0.1828125000
5 0.1859375000 0.6296875000 0.0593750000 0.1718750000
7 0.4281250000 0.4125000000 0.1531250000 0.4812500000
7 0.1859375000 0.3609375000 0.2125000000 0.4781250000
7 0.1109375000 0.5226562500 0.2218750000 0.9234375000
7 0.6859375000 0.3421875000 0.2281250000 0.3906250000
7 0.9320312500 0.4656250000 0.1359375000 0.6500000000
8 0.5273437500 0.7804687500 0.9453125000 0.4390625000
