3 0.4218750000 0.5273437500 0.2875000000 0.4953125000
3 0.1687500000 0.5492187500 0.2093750000 0.4765625000
0 0.0390625000 0.7109375000 0.0781250000 0.2062500000
9 0.9007812500 0.6500000000 0.0765625000 0.1156250000
9 0.5976562500 0.6453125000 0.0640625000 0.1531250000
9 0.6609375000 0.6382812500 0.0625000000 0.1609375000
9 0.6851562500 0.6390625000 0.0609375000 0.1468750000
7 0.2757812500 0.7726562500 0.1046875000 0.4484375000
7 0.1812500000 0.7531250000 0.1031250000 0.3812500000
7 0.9750000000 0.6460937500 0.0468750000 0.1765625000
