7 0.5046875000 0.6203125000 0.1812500000 0.7593750000
7 0.2914062500 0.6484375000 0.1140625000 0.4187500000
7 0.0812500000 0.4773437500 0.1000000000 0.2796875000
7 0.0156250000 0.6234375000 0.0312500000 0.6125000000
7 0.7039062500 0.4773437500 0.0703125000 0.2109375000
7 0.7585937500 0.4984375000 0.0671875000 0.1531250000
7 0.9460937500 0.8429687500 0.1078125000 0.3140625000
10 0.7539062500 0.6515625000 0.1203125000 0.2343750000
10 0.4046875000 0.7835937500 0.1187500000 0.3453125000
10 0.6492187500 0.7859375000 0.1296875000 0.3406250000
10 0.0531250000 0.6875000000 0.1000000000 0.2312500000
10 0.9656250000 0.7031250000 0.0687500000 0.1093750000
