6 0.8328125000 0.8882812500 0.2906250000 0.2234375000
6 0.0531250000 0.6539062500 0.1062500000 0.2828125000
0 0.6367187500 0.7468750000 0.2046875000 0.2562500000
0 0.9500000000 0.7156250000 0.1000000000 0.1937500000
10 0.6171875000 0.6203125000 0.1343750000 0.1093750000
10 0.7476562500 0.6140625000 0.0921875000 0.0843750000
7 0.7218750000 0.5445312500 0.0437500000 0.1015625000
7 0.3960937500 0.5257812500 0.0515625000 0.2203125000
7 0.4898437500 0.5500000000 0.0421875000 0.2531250000
7 0.5296875000 0.5273437500 0.0437500000 0.2234375000
7 0.5718750000 0.4750000000 0.0437500000 0.1531250000
7 0.8507812500 0.6015625000 0.0765625000 0.3093750000
7 0.9210937500 0.5265625000 0.0359375000 0.2406250000
7 0.9554687500 0.5328125000 0.0609375000 0.1781250000
7 0.3484375000 0.4929687500 0.0375000000 0.1609375000
7 0.2992187500 0.5117187500 0.0578125000 0.1796875000
7 0.2132812500 0.4406250000 0.0578125000 0.1500000000
8 0.3031250000 0.7296875000 0.2250000000 0.2718750000
