7 0.6281250000 0.8406250000 0.0593750000 0.1125000000
7 0.7343750000 0.8156250000 0.0343750000 0.1093750000
7 0.5835937500 0.8179687500 0.0453125000 0.1734375000
7 0.1125000000 0.8203125000 0.0531250000 0.1000000000
7 0.9710937500 0.8757812500 0.0453125000 0.0921875000
9 0.8382812500 0.8835937500 0.1859375000 0.0890625000
9 0.5195312500 0.8328125000 0.1734375000 0.1281250000
9 0.3492187500 0.8648437500 0.2171875000 0.1765625000
9 0.2968750000 0.8203125000 0.1687500000 0.0687500000
9 0.0343750000 0.8125000000 0.0687500000 0.0875000000
