8 0.5148437500 0.8125000000 0.9703125000 0.3750000000
7 0.1335937500 0.7203125000 0.2234375000 0.5093750000
7 0.4765625000 0.6335937500 0.1875000000 0.4671875000
7 0.7492187500 0.6437500000 0.1390625000 0.3593750000
5 0.7210937500 0.7601562500 0.0578125000 0.1140625000
5 0.6109375000 0.8773437500 0.0437500000 0.1578125000
5 0.6703125000 0.8789062500 0.0718750000 0.1265625000
5 0.7601562500 0.8664062500 0.0484375000 0.1234375000
5 0.8320312500 0.8789062500 0.0484375000 0.1859375000
5 0.8664062500 0.8343750000 0.0453125000 0.1281250000
5 0.9320312500 0.8750000000 0.0703125000 0.1031250000
7 0.9554687500 0.6718750000 0.0890625000 0.3593750000
