8 0.5000000000 0.7421875000 1.0000000000 0.5156250000
5 0.8804687500 0.2062500000 0.0640625000 0.0875000000
5 0.7906250000 0.2148437500 0.0968750000 0.0921875000
2 0.6375000000 0.2789062500 0.0468750000 0.0890625000
2 0.5523437500 0.2820312500 0.0640625000 0.0953125000
2 0.4687500000 0.2835937500 0.0625000000 0.1015625000
2 0.3601562500 0.2851562500 0.0765625000 0.1265625000
2 0.2359375000 0.6968750000 0.0812500000 0.1281250000
2 0.1421875000 0.6992187500 0.1593750000 0.1515625000
2 0.3640625000 0.6882812500 0.1406250000 0.1671875000
2 0.9093750000 0.4570312500 0.0781250000 0.1328125000
2 0.9625000000 0.2062500000 0.0750000000 0.1250000000
