9 0.8703125000 0.5851562500 0.2593750000 0.4171875000
9 0.6953125000 0.4890625000 0.1343750000 0.2718750000
9 0.6234375000 0.4492187500 0.0531250000 0.1609375000
9 0.6000000000 0.4421875000 0.0343750000 0.1593750000
9 0.5796875000 0.4609375000 0.0718750000 0.0937500000
9 0.4679687500 0.3937500000 0.1015625000 0.0968750000
9 0.4046875000 0.4218750000 0.0593750000 0.1281250000
9 0.3703125000 0.4375000000 0.1125000000 0.1656250000
9 0.3164062500 0.4742187500 0.1609375000 0.2015625000
9 0.1562500000 0.6257812500 0.2656250000 0.4921875000
