2 0.8000000000 0.5570312500 0.1312500000 0.8234375000
2 0.2562500000 0.5421875000 0.1375000000 0.6625000000
2 0.1046875000 0.3960937500 0.0718750000 0.3921875000
2 0.4125000000 0.3101562500 0.1031250000 0.4546875000
2 0.5351562500 0.2921875000 0.1046875000 0.4500000000
5 0.5023437500 0.7562500000 0.1828125000 0.4781250000
5 0.1296875000 0.8171875000 0.1843750000 0.3656250000
5 0.6687500000 0.4835937500 0.1281250000 0.2671875000
5 0.9445312500 0.5937500000 0.1109375000 0.3906250000
5 0.6515625000 0.2828125000 0.0750000000 0.2343750000
