7 0.9484375000 0.4601562500 0.1031250000 0.2171875000
7 0.8382812500 0.6718750000 0.1453125000 0.5593750000
7 0.5562500000 0.6406250000 0.1781250000 0.7187500000
7 0.4265625000 0.6226562500 0.0875000000 0.5109375000
7 0.3554687500 0.6218750000 0.1453125000 0.7218750000
7 0.3054687500 0.5070312500 0.1203125000 0.3796875000
7 0.2210937500 0.4789062500 0.1265625000 0.4234375000
7 0.1968750000 0.6609375000 0.1312500000 0.6781250000
7 0.0812500000 0.6210937500 0.1625000000 0.7578125000
8 0.9531250000 0.7609375000 0.0937500000 0.4750000000
