3 0.1046875000 0.7640625000 0.2093750000 0.1593750000
3 0.3203125000 0.7031250000 0.1750000000 0.1156250000
3 0.9312500000 0.5539062500 0.0718750000 0.0640625000
9 0.7453125000 0.5960937500 0.0531250000 0.0453125000
9 0.5265625000 0.7796875000 0.0750000000 0.0625000000
9 0.3226562500 0.8609375000 0.1109375000 0.0750000000
9 0.1664062500 0.9437500000 0.1203125000 0.0656250000
9 0.5851562500 0.6726562500 0.0546875000 0.0484375000
9 0.4750000000 0.7257812500 0.0687500000 0.0546875000
9 0.3367187500 0.7757812500 0.1015625000 0.0609375000
