6 0.6710937500 0.7328125000 0.4921875000 0.5343750000
6 0.5484375000 0.6562500000 0.4718750000 0.5437500000
6 0.4523437500 0.5843750000 0.3296875000 0.4218750000
6 0.3351562500 0.5109375000 0.2328125000 0.2718750000
6 0.3195312500 0.4710937500 0.2515625000 0.2390625000
6 0.2781250000 0.4968750000 0.2156250000 0.3031250000
9 0.2343750000 0.3375000000 0.2281250000 0.2187500000
10 0.7000000000 0.3750000000 0.1000000000 0.1406250000
8 0.6898437500 0.3398437500 0.1484375000 0.1203125000
10 0.6132812500 0.3015625000 0.0828125000 0.0437500000
6 0.9359375000 0.4406250000 0.1281250000 0.3125000000
