2 0.4359375000 0.5820312500 0.0562500000 0.2078125000
2 0.5343750000 0.5453125000 0.0531250000 0.1875000000
2 0.6382812500 0.5898437500 0.0609375000 0.1609375000
5 0.2703125000 0.6945312500 0.0875000000 0.2484375000
5 0.0757812500 0.6796875000 0.1453125000 0.2937500000
5 0.2273437500 0.5664062500 0.0421875000 0.1515625000
5 0.3296875000 0.5421875000 0.0531250000 0.1093750000
5 0.6218750000 0.8562500000 0.1093750000 0.2875000000
7 0.9695312500 0.5484375000 0.0609375000 0.6562500000
7 0.8828125000 0.5164062500 0.0718750000 0.3640625000
7 0.6609375000 0.4265625000 0.0937500000 0.2343750000
7 0.5507812500 0.4195312500 0.1109375000 0.2421875000
7 0.4101562500 0.4289062500 0.0796875000 0.1890625000
7 0.2750000000 0.4492187500 0.1093750000 0.2265625000
7 0.1351562500 0.4429687500 0.1171875000 0.2640625000
7 0.0531250000 0.4421875000 0.0843750000 0.2843750000
8 0.5125000000 0.7593750000 0.9750000000 0.4812500000
