6 0.7859375000 0.5906250000 0.3093750000 0.4593750000
1 0.8812500000 0.3914062500 0.1906250000 0.1484375000
1 0.7546875000 0.3578125000 0.1468750000 0.1406250000
1 0.6570312500 0.2226562500 0.1046875000 0.4234375000
1 0.5656250000 0.2281250000 0.1250000000 0.4562500000
1 0.4703125000 0.2343750000 0.1218750000 0.4031250000
1 0.3476562500 0.3046875000 0.0640625000 0.1218750000
1 0.3140625000 0.3320312500 0.0406250000 0.0921875000
1 0.2734375000 0.3179687500 0.0437500000 0.1171875000
1 0.2460937500 0.3117187500 0.0390625000 0.1578125000
1 0.2117187500 0.2789062500 0.0453125000 0.1984375000
1 0.1632812500 0.2515625000 0.0515625000 0.2593750000
1 0.0890625000 0.2828125000 0.0656250000 0.2000000000
1 0.0265625000 0.2476562500 0.0531250000 0.2515625000
