7 0.7046875000 0.3359375000 0.1343750000 0.3375000000
7 0.8335937500 0.4250000000 0.0890625000 0.2093750000
7 0.2914062500 0.4265625000 0.1546875000 0.5375000000
7 0.1523437500 0.4125000000 0.0890625000 0.3250000000
5 0.8664062500 0.6484375000 0.0796875000 0.2812500000
5 0.7656250000 0.6320312500 0.0687500000 0.2546875000
5 0.9726562500 0.6523437500 0.0546875000 0.2859375000
5 0.5562500000 0.6500000000 0.1031250000 0.2531250000
5 0.4101562500 0.7570312500 0.1078125000 0.3890625000
5 0.4734375000 0.6218750000 0.1187500000 0.2531250000
