6 0.3640625000 0.7031250000 0.5343750000 0.3000000000
9 0.2406250000 0.8539062500 0.4812500000 0.2921875000
7 0.1117187500 0.4460937500 0.0953125000 0.3453125000
7 0.3796875000 0.5273437500 0.1281250000 0.4203125000
7 0.4773437500 0.5531250000 0.1140625000 0.3937500000
7 0.2726562500 0.4281250000 0.0546875000 0.2812500000
7 0.2054687500 0.4500000000 0.0890625000 0.3531250000
7 0.9625000000 0.5335937500 0.0750000000 0.2515625000
9 0.7015625000 0.5437500000 0.4937500000 0.4062500000
9 0.9390625000 0.8320312500 0.1218750000 0.3265625000
