7 0.1257812500 0.6640625000 0.1359375000 0.6718750000
7 0.2125000000 0.6703125000 0.1343750000 0.6593750000
7 0.3078125000 0.6460937500 0.0656250000 0.6203125000
7 0.3828125000 0.5835937500 0.0750000000 0.6515625000
7 0.4492187500 0.4328125000 0.1171875000 0.4406250000
7 0.5242187500 0.4523437500 0.0828125000 0.3328125000
7 0.5921875000 0.6632812500 0.0531250000 0.6734375000
7 0.6507812500 0.5585937500 0.0796875000 0.6078125000
7 0.7218750000 0.5921875000 0.0843750000 0.7468750000
7 0.8210937500 0.6132812500 0.1796875000 0.7734375000
