10 0.3312500000 0.6296875000 0.1062500000 0.1781250000
10 0.4734375000 0.5304687500 0.0812500000 0.1328125000
10 0.2250000000 0.7695312500 0.0968750000 0.1359375000
10 0.4125000000 0.7515625000 0.0750000000 0.1656250000
10 0.4382812500 0.9031250000 0.0578125000 0.1250000000
10 0.5093750000 0.8921875000 0.0781250000 0.1750000000
10 0.6140625000 0.8437500000 0.0750000000 0.1718750000
10 0.8281250000 0.9179687500 0.1031250000 0.1453125000
10 0.9679687500 0.7679687500 0.0640625000 0.2109375000
10 0.8781250000 0.6664062500 0.0843750000 0.1390625000
10 0.7945312500 0.6070312500 0.1109375000 0.0921875000
10 0.7484375000 0.6781250000 0.0750000000 0.1281250000
10 0.6890625000 0.7648437500 0.0593750000 0.1390625000
10 0.5523437500 0.6890625000 0.0546875000 0.1500000000
10 0.4953125000 0.4054687500 0.0562500000 0.1234375000
10 0.3843750000 0.3601562500 0.0687500000 0.1484375000
10 0.3101562500 0.4539062500 0.0734375000 0.1390625000
10 0.6007812500 0.5593750000 0.0640625000 0.1375000000
10 0.6570312500 0.4867187500 0.0484375000 0.1515625000
10 0.7203125000 0.5070312500 0.0656250000 0.1140625000
10 0.8281250000 0.5171875000 0.0343750000 0.1218750000
10 0.8703125000 0.5562500000 0.1031250000 0.1312500000
10 0.7453125000 0.4382812500 0.0656250000 0.1046875000
