2 0.0937500000 0.8476562500 0.0843750000 0.2984375000
2 0.0820312500 0.5000000000 0.0515625000 0.1593750000
2 0.1062500000 0.4890625000 0.0406250000 0.2031250000
2 0.1710937500 0.4976562500 0.0484375000 0.1953125000
2 0.2078125000 0.4867187500 0.0406250000 0.1765625000
2 0.2406250000 0.4843750000 0.0437500000 0.2000000000
2 0.2820312500 0.4710937500 0.0421875000 0.1921875000
2 0.3296875000 0.4812500000 0.0593750000 0.2125000000
2 0.6437500000 0.4656250000 0.0906250000 0.1437500000
2 0.7078125000 0.4632812500 0.0500000000 0.0953125000
2 0.7523437500 0.4632812500 0.0640625000 0.1140625000
2 0.8023437500 0.4218750000 0.0609375000 0.1312500000
10 0.8375000000 0.8210937500 0.3000000000 0.3578125000
10 0.6648437500 0.7156250000 0.1984375000 0.4375000000
8 0.2515625000 0.8468750000 0.5031250000 0.3062500000
5 0.2304687500 0.9070312500 0.0703125000 0.1828125000
