7 0.7242187500 0.4812500000 0.1171875000 0.4812500000
7 0.5476562500 0.4859375000 0.0890625000 0.3906250000
7 0.6414062500 0.4296875000 0.0640625000 0.2593750000
9 0.1632812500 0.4320312500 0.1828125000 0.2234375000
9 0.0195312500 0.4179687500 0.0390625000 0.1640625000
9 0.2281250000 0.3695312500 0.0656250000 0.1296875000
9 0.2796875000 0.3687500000 0.0593750000 0.1062500000
9 0.3390625000 0.3632812500 0.0843750000 0.1078125000
9 0.0750000000 0.4109375000 0.0812500000 0.2000000000
3 0.5445312500 0.3343750000 0.0953125000 0.1625000000
0 0.8484375000 0.4906250000 0.0906250000 0.2500000000
0 0.9507812500 0.5859375000 0.0953125000 0.2562500000
0 0.9273437500 0.5414062500 0.1453125000 0.1828125000
