4 0.3257812500 0.7203125000 0.2640625000 0.3062500000
4 0.2226562500 0.6835937500 0.3484375000 0.2796875000
4 0.6781250000 0.5945312500 0.1156250000 0.1734375000
4 0.9062500000 0.6062500000 0.1875000000 0.3968750000
4 0.9187500000 0.5093750000 0.1375000000 0.1375000000
4 0.7398437500 0.4000000000 0.0734375000 0.1187500000
4 0.5429687500 0.4023437500 0.0671875000 0.1078125000
4 0.4773437500 0.2750000000 0.0609375000 0.1062500000
4 0.2382812500 0.2000000000 0.0703125000 0.1375000000
4 0.1109375000 0.1718750000 0.0500000000 0.1343750000
4 0.0273437500 0.2281250000 0.0484375000 0.1593750000
4 0.9078125000 0.3437500000 0.0781250000 0.0937500000
4 0.3281250000 0.3687500000 0.0718750000 0.0687500000
