5 0.4539062500 0.6437500000 0.0953125000 0.1687500000
5 0.5367187500 0.4968750000 0.0484375000 0.1593750000
8 0.5320312500 0.6343750000 0.6796875000 0.6125000000
7 0.0914062500 0.5187500000 0.1640625000 0.4906250000
7 0.1757812500 0.2351562500 0.1296875000 0.1921875000
7 0.3156250000 0.1742187500 0.1125000000 0.1296875000
7 0.4289062500 0.1679687500 0.0515625000 0.0984375000
7 0.4828125000 0.1375000000 0.0437500000 0.1000000000
7 0.5601562500 0.1398437500 0.0578125000 0.1078125000
7 0.6406250000 0.1421875000 0.0656250000 0.1218750000
7 0.7171875000 0.1226562500 0.0531250000 0.1640625000
7 0.7593750000 0.1281250000 0.0500000000 0.1312500000
7 0.8132812500 0.1437500000 0.0515625000 0.1281250000
7 0.8554687500 0.0617187500 0.0828125000 0.1234375000
7 0.9562500000 0.0914062500 0.0875000000 0.1515625000
7 0.9109375000 0.2484375000 0.1781250000 0.2343750000
7 0.8679687500 0.5523437500 0.2546875000 0.7484375000
7 0.5007812500 0.3093750000 0.0921875000 0.2687500000
7 0.3734375000 0.4562500000 0.1875000000 0.2937500000
