7 0.3015625000 0.6617187500 0.1531250000 0.6015625000
7 0.5593750000 0.5757812500 0.1625000000 0.4234375000
7 0.7140625000 0.6296875000 0.1218750000 0.4375000000
7 0.8945312500 0.6265625000 0.1109375000 0.5687500000
7 0.9796875000 0.6757812500 0.0406250000 0.4765625000
7 0.1195312500 0.6429687500 0.1140625000 0.3921875000
7 0.1960937500 0.4960937500 0.0671875000 0.1296875000
7 0.4109375000 0.4906250000 0.0406250000 0.1125000000
7 0.6164062500 0.4937500000 0.0203125000 0.0781250000
7 0.7351562500 0.4796875000 0.0328125000 0.0906250000
7 0.8257812500 0.4781250000 0.0265625000 0.0468750000
7 0.8460937500 0.5000000000 0.0234375000 0.1031250000
6 0.5250000000 0.7570312500 0.2125000000 0.4140625000
6 0.0539062500 0.7664062500 0.1078125000 0.2984375000
0 0.7101562500 0.7515625000 0.1421875000 0.3750000000
