0 0.8789062500 0.7578125000 0.2265625000 0.3312500000
0 0.7398437500 0.6945312500 0.1953125000 0.2578125000
0 0.5789062500 0.6734375000 0.2328125000 0.2468750000
7 0.8570312500 0.4906250000 0.0546875000 0.1937500000
7 0.7835937500 0.4882812500 0.0734375000 0.1984375000
7 0.6609375000 0.4789062500 0.0468750000 0.1921875000
7 0.6195312500 0.4710937500 0.0390625000 0.1796875000
7 0.5546875000 0.4875000000 0.0687500000 0.2000000000
7 0.4976562500 0.5125000000 0.0578125000 0.2031250000
7 0.4367187500 0.5421875000 0.0796875000 0.2781250000
7 0.3640625000 0.5429687500 0.0500000000 0.2359375000
7 0.3265625000 0.5562500000 0.0343750000 0.2656250000
7 0.2750000000 0.5515625000 0.0468750000 0.2562500000
7 0.2257812500 0.4734375000 0.0515625000 0.1937500000
7 0.1804687500 0.6562500000 0.0671875000 0.4500000000
7 0.0921875000 0.6312500000 0.0812500000 0.4843750000
