10 0.4312500000 0.8562500000 0.3343750000 0.2875000000
10 0.6671875000 0.8148437500 0.1875000000 0.3703125000
10 0.8710937500 0.7812500000 0.1921875000 0.4375000000
10 0.6851562500 0.4937500000 0.0796875000 0.1375000000
10 0.7742187500 0.4906250000 0.0671875000 0.1375000000
10 0.8453125000 0.4898437500 0.0531250000 0.1296875000
10 0.4906250000 0.5492187500 0.0968750000 0.1640625000
10 0.3796875000 0.5546875000 0.1125000000 0.2218750000
10 0.2203125000 0.5781250000 0.1531250000 0.2156250000
10 0.0687500000 0.6179687500 0.1375000000 0.2078125000
5 0.2539062500 0.7195312500 0.0578125000 0.1671875000
5 0.1960937500 0.6492187500 0.0484375000 0.1359375000
5 0.4000000000 0.6703125000 0.0437500000 0.1125000000
5 0.3843750000 0.5843750000 0.0375000000 0.0687500000
5 0.5492187500 0.6312500000 0.0421875000 0.1000000000
5 0.5406250000 0.5593750000 0.0375000000 0.0656250000
5 0.1593750000 0.4906250000 0.0343750000 0.0781250000
5 0.1023437500 0.4898437500 0.0609375000 0.0640625000
5 0.0132812500 0.4984375000 0.0265625000 0.0656250000
5 0.9828125000 0.4976562500 0.0343750000 0.0765625000
5 0.9132812500 0.4796875000 0.0453125000 0.0812500000
5 0.7804687500 0.5453125000 0.0328125000 0.0750000000
5 0.7546875000 0.4429687500 0.0312500000 0.0671875000
5 0.7093750000 0.5921875000 0.0531250000 0.1062500000
5 0.8570312500 0.5406250000 0.0328125000 0.0875000000
