9 0.5734375000 0.7765625000 0.2218750000 0.2125000000
3 0.2437500000 0.5843750000 0.3781250000 0.6250000000
7 0.7031250000 0.8031250000 0.0937500000 0.3718750000
7 0.2070312500 0.6421875000 0.0421875000 0.1843750000
7 0.7429687500 0.7367187500 0.0703125000 0.1953125000
7 0.8265625000 0.7593750000 0.0750000000 0.2125000000
7 0.8953125000 0.7906250000 0.0968750000 0.2687500000
7 0.9554687500 0.8117187500 0.0890625000 0.3734375000
7 0.5046875000 0.6828125000 0.0343750000 0.1093750000
7 0.4734375000 0.6718750000 0.0562500000 0.1437500000
7 0.4242187500 0.6812500000 0.0453125000 0.1375000000
7 0.5789062500 0.6890625000 0.0515625000 0.1562500000
7 0.5468750000 0.6804687500 0.0312500000 0.1140625000
7 0.6242187500 0.6898437500 0.0640625000 0.1328125000
