0 0.8179687500 0.8867187500 0.1796875000 0.1984375000
7 0.3320312500 0.8546875000 0.0921875000 0.2906250000
7 0.4054687500 0.8062500000 0.0890625000 0.2437500000
7 0.5171875000 0.6960937500 0.0406250000 0.1921875000
7 0.4585937500 0.6679687500 0.0390625000 0.1671875000
7 0.5484375000 0.7195312500 0.0437500000 0.1984375000
7 0.6140625000 0.7718750000 0.0656250000 0.1750000000
7 0.7250000000 0.7007812500 0.0656250000 0.1609375000
7 0.8093750000 0.7593750000 0.0437500000 0.1562500000
7 0.9523437500 0.6796875000 0.0671875000 0.2000000000
7 0.8859375000 0.5937500000 0.0843750000 0.1437500000
7 0.8078125000 0.5656250000 0.0562500000 0.1437500000
7 0.7320312500 0.5304687500 0.0578125000 0.1296875000
7 0.6742187500 0.5460937500 0.0640625000 0.1296875000
7 0.6125000000 0.5867187500 0.0625000000 0.1890625000
7 0.5304687500 0.5492187500 0.0671875000 0.1078125000
7 0.4570312500 0.5656250000 0.0578125000 0.1312500000
7 0.3726562500 0.5765625000 0.0578125000 0.1656250000
7 0.2890625000 0.5914062500 0.0500000000 0.1640625000
