9 0.4171875000 0.8664062500 0.1156250000 0.1296875000
9 0.5843750000 0.8640625000 0.0500000000 0.0718750000
9 0.3031250000 0.8796875000 0.1187500000 0.0937500000
9 0.2164062500 0.8937500000 0.0640625000 0.0562500000
9 0.1796875000 0.8570312500 0.0875000000 0.1015625000
9 0.1343750000 0.8929687500 0.0781250000 0.0859375000
9 0.0929687500 0.9093750000 0.0828125000 0.0937500000
7 0.5203125000 0.8726562500 0.0250000000 0.0765625000
7 0.0500000000 0.9601562500 0.0406250000 0.0796875000
7 0.1304687500 0.9648437500 0.0234375000 0.0703125000
7 0.1546875000 0.9664062500 0.0218750000 0.0671875000
7 0.1734375000 0.9695312500 0.0250000000 0.0609375000
7 0.1992187500 0.9695312500 0.0234375000 0.0609375000
7 0.2242187500 0.9640625000 0.0328125000 0.0718750000
7 0.2671875000 0.9601562500 0.0375000000 0.0796875000
7 0.3101562500 0.9648437500 0.0484375000 0.0703125000
7 0.3453125000 0.9648437500 0.0312500000 0.0703125000
7 0.3789062500 0.9617187500 0.0703125000 0.0765625000
6 0.8656250000 0.9304687500 0.0437500000 0.0953125000
