9 0.6148437500 0.7343750000 0.2890625000 0.1968750000
9 0.9335937500 0.7421875000 0.1328125000 0.1625000000
9 0.8828125000 0.6804687500 0.0812500000 0.1234375000
7 0.5000000000 0.6742187500 0.0468750000 0.1421875000
7 0.1804687500 0.6859375000 0.0484375000 0.2406250000
7 0.2320312500 0.6828125000 0.0390625000 0.1593750000
7 0.2773437500 0.7031250000 0.0609375000 0.2562500000
7 0.0578125000 0.6890625000 0.0562500000 0.1968750000
7 0.3250000000 0.6476562500 0.0312500000 0.1765625000
7 0.4078125000 0.7000000000 0.1062500000 0.2468750000
6 0.4187500000 0.8500000000 0.2187500000 0.2218750000
