6 0.9109375000 0.5523437500 0.1687500000 0.2765625000
6 0.7101562500 0.5125000000 0.1984375000 0.2531250000
6 0.5601562500 0.5226562500 0.1703125000 0.2703125000
6 0.4484375000 0.4765625000 0.1156250000 0.2250000000
7 0.3164062500 0.4500000000 0.1765625000 0.1406250000
7 0.1781250000 0.3062500000 0.0437500000 0.1125000000
7 0.0679687500 0.3109375000 0.0359375000 0.1218750000
7 0.3429687500 0.2593750000 0.0328125000 0.0781250000
7 0.3046875000 0.2773437500 0.0312500000 0.0953125000
7 0.2773437500 0.2859375000 0.0296875000 0.0937500000
7 0.2531250000 0.2859375000 0.0375000000 0.0968750000
7 0.3804687500 0.2421875000 0.0171875000 0.0500000000
7 0.3195312500 0.2273437500 0.0171875000 0.0515625000
7 0.3617187500 0.2429687500 0.0140625000 0.0515625000
7 0.6023437500 0.3867187500 0.1078125000 0.2796875000
7 0.5164062500 0.3320312500 0.0953125000 0.1984375000
7 0.3671875000 0.3203125000 0.0656250000 0.1531250000
7 0.7773437500 0.3226562500 0.0578125000 0.1859375000
7 0.8406250000 0.2984375000 0.0562500000 0.1781250000
7 0.9562500000 0.3750000000 0.0875000000 0.3000000000
7 0.6875000000 0.3101562500 0.0250000000 0.1015625000
