8 0.1734375000 0.3140625000 0.2906250000 0.1343750000
8 0.2625000000 0.4554687500 0.2500000000 0.1703125000
8 0.6046875000 0.7195312500 0.7062500000 0.5609375000
8 0.1304687500 0.4734375000 0.2515625000 0.2187500000
10 0.3820312500 0.3156250000 0.2015625000 0.1812500000
10 0.5828125000 0.4007812500 0.2062500000 0.2265625000
10 0.9195312500 0.5414062500 0.1609375000 0.3671875000
10 0.0937500000 0.8671875000 0.1875000000 0.2625000000
10 0.1273437500 0.4687500000 0.2484375000 0.2250000000
10 0.2812500000 0.2148437500 0.1062500000 0.1546875000
