1 0.4117187500 0.5914062500 0.2609375000 0.2890625000
1 0.8015625000 0.5515625000 0.3968750000 0.2187500000
1 0.0570312500 0.6640625000 0.1140625000 0.3031250000
7 0.5812500000 0.6789062500 0.0562500000 0.1515625000
7 0.8195312500 0.7132812500 0.0546875000 0.0984375000
7 0.5695312500 0.7281250000 0.0546875000 0.0906250000
7 0.4781250000 0.7015625000 0.0656250000 0.1093750000
10 0.7164062500 0.8031250000 0.1453125000 0.1687500000
10 0.9468750000 0.7437500000 0.1062500000 0.1656250000
10 0.8343750000 0.8039062500 0.0812500000 0.1453125000
10 0.6242187500 0.7492187500 0.0640625000 0.1109375000
10 0.5757812500 0.8335937500 0.0859375000 0.1484375000
10 0.4875000000 0.8195312500 0.0937500000 0.1546875000
