3 0.6265625000 0.6898437500 0.4312500000 0.4171875000
3 0.3453125000 0.6968750000 0.1031250000 0.1937500000
7 0.8578125000 0.7476562500 0.0312500000 0.1296875000
7 0.0796875000 0.7695312500 0.0812500000 0.1578125000
7 0.1312500000 0.7789062500 0.0406250000 0.1703125000
7 0.2117187500 0.7312500000 0.0546875000 0.1218750000
7 0.9000000000 0.7507812500 0.0343750000 0.0984375000
7 0.9328125000 0.7632812500 0.0406250000 0.1296875000
7 0.9570312500 0.7023437500 0.0296875000 0.1359375000
7 0.9843750000 0.7148437500 0.0312500000 0.1328125000
7 0.6843750000 0.6476562500 0.0687500000 0.1296875000
6 0.0632812500 0.9171875000 0.1265625000 0.1656250000
