3 0.8742187500 0.5328125000 0.2515625000 0.1968750000
3 0.4453125000 0.4945312500 0.1968750000 0.1265625000
9 0.6226562500 0.5468750000 0.1703125000 0.1250000000
9 0.9085937500 0.5914062500 0.1828125000 0.1140625000
7 0.2554687500 0.5664062500 0.0484375000 0.1546875000
7 0.1609375000 0.6398437500 0.0468750000 0.2671875000
7 0.1125000000 0.5789062500 0.0531250000 0.1515625000
7 0.0492187500 0.5679687500 0.0359375000 0.1203125000
7 0.3171875000 0.6070312500 0.0531250000 0.1765625000
7 0.3515625000 0.5992187500 0.0500000000 0.1671875000
7 0.4187500000 0.6031250000 0.0406250000 0.1562500000
7 0.4742187500 0.6289062500 0.0359375000 0.2078125000
7 0.5328125000 0.6968750000 0.0687500000 0.2531250000
7 0.6289062500 0.6390625000 0.0453125000 0.2781250000
7 0.6570312500 0.6281250000 0.0515625000 0.2750000000
7 0.7562500000 0.6976562500 0.1062500000 0.3640625000
