6 0.7187500000 0.8406250000 0.1093750000 0.1250000000
7 0.8765625000 0.7929687500 0.0750000000 0.2796875000
9 0.9078125000 0.7429687500 0.1718750000 0.2328125000
7 0.3906250000 0.7937500000 0.0593750000 0.2000000000
7 0.3296875000 0.7757812500 0.0593750000 0.2234375000
7 0.5187500000 0.7484375000 0.0375000000 0.1437500000
7 0.5484375000 0.7281250000 0.0500000000 0.1718750000
9 0.6226562500 0.7335937500 0.1078125000 0.1609375000
9 0.7578125000 0.7062500000 0.0906250000 0.2062500000
9 0.8070312500 0.7000000000 0.0515625000 0.1031250000
