5 0.8554687500 0.7976562500 0.0890625000 0.2390625000
5 0.7898437500 0.7929687500 0.0515625000 0.1765625000
5 0.9117187500 0.8703125000 0.1015625000 0.2593750000
10 0.9359375000 0.6414062500 0.1281250000 0.1984375000
7 0.7070312500 0.4968750000 0.1890625000 0.4625000000
7 0.0984375000 0.3718750000 0.1000000000 0.3031250000
7 0.3000000000 0.3960937500 0.0718750000 0.3046875000
7 0.3593750000 0.5820312500 0.2750000000 0.5921875000
7 0.5601562500 0.4382812500 0.0765625000 0.2484375000
10 0.1789062500 0.8062500000 0.3578125000 0.3875000000
8 0.7546875000 0.8539062500 0.4906250000 0.2921875000
