7 0.4648437500 0.5906250000 0.1484375000 0.8187500000
7 0.5765625000 0.6039062500 0.1500000000 0.7921875000
7 0.0671875000 0.6156250000 0.1343750000 0.7687500000
7 0.2101562500 0.4117187500 0.0921875000 0.2609375000
7 0.2953125000 0.3992187500 0.0468750000 0.2578125000
7 0.3593750000 0.3734375000 0.0468750000 0.1906250000
7 0.7664062500 0.4289062500 0.0515625000 0.2703125000
7 0.7140625000 0.3984375000 0.0656250000 0.2375000000
7 0.8187500000 0.4046875000 0.0500000000 0.2875000000
7 0.8632812500 0.3570312500 0.0796875000 0.2421875000
7 0.9148437500 0.3625000000 0.0734375000 0.2281250000
7 0.9632812500 0.4171875000 0.0640625000 0.3593750000
