3 0.2398437500 0.6187500000 0.1671875000 0.3406250000
0 0.9375000000 0.7476562500 0.0906250000 0.2015625000
0 0.9039062500 0.7328125000 0.1078125000 0.2218750000
9 0.0640625000 0.8148437500 0.1281250000 0.3703125000
9 0.0843750000 0.6906250000 0.1468750000 0.2968750000
7 0.3515625000 0.6578125000 0.0562500000 0.1812500000
7 0.4171875000 0.6804687500 0.0531250000 0.2265625000
7 0.4648437500 0.6343750000 0.0421875000 0.2000000000
7 0.3312500000 0.6046875000 0.0250000000 0.1468750000
7 0.7250000000 0.8015625000 0.0718750000 0.3625000000
7 0.8312500000 0.8117187500 0.0750000000 0.3765625000
7 0.6695312500 0.7562500000 0.0578125000 0.2312500000
7 0.5296875000 0.6171875000 0.0312500000 0.1093750000
