7 0.4351562500 0.5273437500 0.0609375000 0.1109375000
7 0.5046875000 0.5359375000 0.0656250000 0.1468750000
8 0.5437500000 0.6406250000 0.6906250000 0.2781250000
10 0.2617187500 0.9226562500 0.1921875000 0.1546875000
10 0.5859375000 0.9250000000 0.2031250000 0.1500000000
10 0.5468750000 0.8031250000 0.1500000000 0.1781250000
10 0.9312500000 0.8664062500 0.1375000000 0.1015625000
10 0.9093750000 0.9351562500 0.1812500000 0.1296875000
10 0.9156250000 0.6789062500 0.1687500000 0.2703125000
10 0.7937500000 0.7140625000 0.1406250000 0.1375000000
10 0.6601562500 0.7062500000 0.1546875000 0.1656250000
10 0.4726562500 0.7007812500 0.0984375000 0.1515625000
10 0.2859375000 0.7656250000 0.1500000000 0.2031250000
10 0.4218750000 0.8421875000 0.1062500000 0.2843750000
10 0.1265625000 0.8382812500 0.1062500000 0.1765625000
8 0.0554687500 0.7578125000 0.1109375000 0.3000000000
5 0.3367187500 0.5617187500 0.0609375000 0.1421875000
5 0.4156250000 0.5851562500 0.0500000000 0.1203125000
5 0.6007812500 0.5742187500 0.0671875000 0.1328125000
5 0.6820312500 0.5578125000 0.0421875000 0.1281250000
5 0.7554687500 0.5843750000 0.0609375000 0.1187500000
5 0.8343750000 0.5843750000 0.0437500000 0.1375000000
