9 0.4812500000 0.8242187500 0.0906250000 0.1515625000
9 0.4617187500 0.7812500000 0.0546875000 0.1062500000
9 0.3929687500 0.8117187500 0.0796875000 0.1234375000
9 0.3640625000 0.8484375000 0.1125000000 0.1250000000
9 0.2679687500 0.8953125000 0.2390625000 0.1593750000
9 0.0585937500 0.8367187500 0.1171875000 0.1484375000
9 0.8273437500 0.8367187500 0.1015625000 0.1265625000
9 0.7429687500 0.8070312500 0.0796875000 0.1171875000
9 0.6750000000 0.8179687500 0.0468750000 0.1359375000
9 0.5617187500 0.7906250000 0.1421875000 0.1562500000
