5 0.1398437500 0.7648437500 0.1609375000 0.3546875000
5 0.3296875000 0.7156250000 0.1437500000 0.2406250000
5 0.5343750000 0.7335937500 0.1750000000 0.2171875000
7 0.7960937500 0.7164062500 0.4078125000 0.1671875000
7 0.7859375000 0.3859375000 0.1812500000 0.1843750000
2 0.7570312500 0.5507812500 0.1390625000 0.2171875000
2 0.6507812500 0.5156250000 0.1140625000 0.2187500000
2 0.8765625000 0.5375000000 0.1250000000 0.2218750000
2 0.9484375000 0.5000000000 0.1031250000 0.3218750000
2 0.4343750000 0.5812500000 0.1500000000 0.2656250000
2 0.1750000000 0.5210937500 0.1468750000 0.2734375000
2 0.0718750000 0.5695312500 0.1250000000 0.3015625000
2 0.3250000000 0.6398437500 0.1593750000 0.3484375000
8 0.4984375000 0.8351562500 0.9968750000 0.3296875000
