2 0.6960937500 0.8265625000 0.0453125000 0.1906250000
2 0.8179687500 0.8109375000 0.0421875000 0.1281250000
2 0.6562500000 0.8531250000 0.0468750000 0.1375000000
7 0.7812500000 0.6976562500 0.0812500000 0.2265625000
7 0.1273437500 0.7476562500 0.2546875000 0.4546875000
7 0.2992187500 0.5367187500 0.1421875000 0.2453125000
7 0.5234375000 0.6453125000 0.1437500000 0.3093750000
7 0.6468750000 0.6226562500 0.0812500000 0.1765625000
7 0.7898437500 0.5398437500 0.0515625000 0.0953125000
7 0.9515625000 0.5828125000 0.0625000000 0.1687500000
7 0.8406250000 0.5156250000 0.0625000000 0.1125000000
