3 0.4523437500 0.7382812500 0.4140625000 0.2734375000
3 0.2937500000 0.4398437500 0.3343750000 0.3421875000
3 0.4000000000 0.2679687500 0.2843750000 0.2671875000
3 0.7023437500 0.1914062500 0.2015625000 0.1796875000
3 0.1156250000 0.7820312500 0.2312500000 0.3890625000
7 0.5109375000 0.5335937500 0.1312500000 0.1234375000
7 0.8179687500 0.5226562500 0.0984375000 0.1484375000
9 0.5843750000 0.3312500000 0.1593750000 0.1406250000
9 0.6867187500 0.3835937500 0.2765625000 0.1640625000
9 0.6656250000 0.5195312500 0.2218750000 0.1328125000
9 0.1335937500 0.1265625000 0.1734375000 0.0906250000
