10 0.4585937500 0.7343750000 0.0953125000 0.1500000000
10 0.3179687500 0.7335937500 0.0734375000 0.1484375000
10 0.2460937500 0.7304687500 0.0578125000 0.1359375000
10 0.0367187500 0.7085937500 0.0734375000 0.1609375000
10 0.5593750000 0.7453125000 0.0781250000 0.1593750000
10 0.6617187500 0.7531250000 0.1046875000 0.1625000000
10 0.8265625000 0.7281250000 0.0781250000 0.1250000000
10 0.7593750000 0.7156250000 0.0500000000 0.1312500000
10 0.9359375000 0.7335937500 0.0968750000 0.1359375000
7 0.5437500000 0.5953125000 0.0625000000 0.1156250000
7 0.2992187500 0.6445312500 0.0546875000 0.1859375000
7 0.2460937500 0.6453125000 0.0421875000 0.1281250000
7 0.2171875000 0.6296875000 0.0312500000 0.1250000000
7 0.1421875000 0.6648437500 0.0656250000 0.3171875000
7 0.3945312500 0.6343750000 0.0609375000 0.1781250000
