6 0.2359375000 0.6492187500 0.1718750000 0.2359375000
6 0.1007812500 0.6328125000 0.1109375000 0.2281250000
6 0.5289062500 0.7820312500 0.4484375000 0.4359375000
6 0.8984375000 0.8148437500 0.2031250000 0.3703125000
7 0.7726562500 0.5453125000 0.0953125000 0.2718750000
7 0.5218750000 0.6406250000 0.1562500000 0.5062500000
7 0.4156250000 0.5250000000 0.1125000000 0.3343750000
7 0.9671875000 0.6171875000 0.0656250000 0.3937500000
7 0.0914062500 0.5164062500 0.1046875000 0.2515625000
7 0.3273437500 0.4578125000 0.0671875000 0.2062500000
