10 0.3617187500 0.6289062500 0.4421875000 0.2265625000
10 0.6898437500 0.6203125000 0.0890625000 0.2406250000
10 0.6304687500 0.5539062500 0.1171875000 0.1921875000
10 0.6132812500 0.4492187500 0.0828125000 0.1171875000
10 0.0203125000 0.8078125000 0.0406250000 0.2906250000
7 0.0375000000 0.5171875000 0.0750000000 0.2343750000
7 0.3968750000 0.6359375000 0.1718750000 0.6625000000
7 0.9218750000 0.5953125000 0.1562500000 0.8093750000
8 0.8187500000 0.6625000000 0.1750000000 0.3250000000
8 0.0703125000 0.7000000000 0.1406250000 0.2593750000
