1 0.5312500000 0.8156250000 0.8812500000 0.3281250000
1 0.7921875000 0.5851562500 0.1750000000 0.1109375000
1 0.5578125000 0.5820312500 0.1687500000 0.1328125000
7 0.8492187500 0.6984375000 0.0578125000 0.1812500000
7 0.7585937500 0.6968750000 0.0546875000 0.1406250000
7 0.6781250000 0.6640625000 0.0750000000 0.1437500000
7 0.5585937500 0.6687500000 0.0640625000 0.1625000000
7 0.3164062500 0.6781250000 0.0515625000 0.2187500000
7 0.7789062500 0.5726562500 0.0359375000 0.1296875000
7 0.8156250000 0.5664062500 0.0312500000 0.1515625000
