9 0.8406250000 0.8000000000 0.1937500000 0.1843750000
9 0.7367187500 0.8132812500 0.0984375000 0.1609375000
9 0.6984375000 0.8132812500 0.0593750000 0.1296875000
9 0.5710937500 0.7382812500 0.0453125000 0.0984375000
9 0.5671875000 0.6960937500 0.0250000000 0.0765625000
9 0.5710937500 0.6750000000 0.0390625000 0.0875000000
9 0.4031250000 0.7320312500 0.0656250000 0.0671875000
9 0.4242187500 0.7093750000 0.0296875000 0.0531250000
9 0.4210937500 0.6781250000 0.0296875000 0.0531250000
9 0.4429687500 0.6515625000 0.0421875000 0.0875000000
9 0.0617187500 0.8171875000 0.1234375000 0.1406250000
3 0.2335937500 0.6554687500 0.2765625000 0.6203125000
