7 0.1648437500 0.5664062500 0.2578125000 0.7609375000
7 0.8953125000 0.6414062500 0.2093750000 0.7171875000
5 0.7281250000 0.7320312500 0.0906250000 0.1984375000
5 0.3945312500 0.6359375000 0.0921875000 0.1250000000
5 0.6765625000 0.6656250000 0.0750000000 0.1468750000
2 0.5664062500 0.5007812500 0.0890625000 0.3015625000
2 0.8164062500 0.2203125000 0.0328125000 0.1687500000
2 0.4554687500 0.0554687500 0.0453125000 0.0703125000
2 0.4171875000 0.0601562500 0.0343750000 0.0984375000
2 0.3812500000 0.0671875000 0.0312500000 0.1000000000
2 0.3539062500 0.0679687500 0.0359375000 0.1171875000
2 0.3179687500 0.0679687500 0.0359375000 0.1015625000
2 0.5968750000 0.0484375000 0.0375000000 0.0968750000
2 0.6304687500 0.0460937500 0.0296875000 0.0921875000
2 0.6585937500 0.0492187500 0.0359375000 0.0828125000
2 0.7023437500 0.0429687500 0.0359375000 0.0859375000
2 0.7375000000 0.0375000000 0.0343750000 0.0750000000
2 0.6320312500 0.2273437500 0.0328125000 0.1640625000
2 0.6820312500 0.2187500000 0.0390625000 0.1593750000
2 0.7085937500 0.2179687500 0.0390625000 0.1515625000
2 0.7500000000 0.2226562500 0.0343750000 0.1390625000
2 0.4578125000 0.2320312500 0.0500000000 0.1171875000
2 0.4226562500 0.2304687500 0.0390625000 0.1453125000
2 0.3781250000 0.2414062500 0.0375000000 0.1609375000
2 0.3328125000 0.2437500000 0.0531250000 0.1343750000
