8 0.4593750000 0.8906250000 0.9187500000 0.2187500000
7 0.6671875000 0.5687500000 0.1437500000 0.3937500000
7 0.4867187500 0.5101562500 0.1296875000 0.3078125000
7 0.1859375000 0.5226562500 0.0937500000 0.3859375000
7 0.0953125000 0.5812500000 0.1062500000 0.5875000000
5 0.3273437500 0.7351562500 0.0796875000 0.1296875000
5 0.5437500000 0.9000000000 0.0906250000 0.2000000000
5 0.9273437500 0.9210937500 0.1453125000 0.1578125000
5 0.4218750000 0.7093750000 0.0750000000 0.1875000000
5 0.5171875000 0.7367187500 0.0625000000 0.1234375000
5 0.3656250000 0.6523437500 0.0531250000 0.1734375000
5 0.3187500000 0.6398437500 0.0562500000 0.0953125000
5 0.3164062500 0.7296875000 0.1265625000 0.1281250000
