9 0.2031250000 0.7632812500 0.3406250000 0.2828125000
9 0.4218750000 0.6937500000 0.1437500000 0.2250000000
9 0.5195312500 0.6335937500 0.0921875000 0.1515625000
9 0.5882812500 0.5976562500 0.0546875000 0.2140625000
9 0.4320312500 0.6898437500 0.1484375000 0.2390625000
7 0.6648437500 0.6195312500 0.0203125000 0.1046875000
7 0.7265625000 0.6398437500 0.0937500000 0.1828125000
7 0.6320312500 0.6109375000 0.0515625000 0.1500000000
7 0.8101562500 0.6546875000 0.0671875000 0.2281250000
7 0.8562500000 0.7117187500 0.1062500000 0.2453125000
10 0.9156250000 0.7054687500 0.0812500000 0.1140625000
