6 0.6328125000 0.8023437500 0.2218750000 0.1921875000
6 0.5968750000 0.7351562500 0.1093750000 0.1234375000
6 0.3437500000 0.7539062500 0.1281250000 0.1421875000
6 0.2476562500 0.7125000000 0.0703125000 0.1000000000
6 0.0328125000 0.7632812500 0.0656250000 0.1484375000
7 0.0500000000 0.6750000000 0.0625000000 0.1593750000
7 0.6078125000 0.6562500000 0.0843750000 0.1343750000
7 0.6664062500 0.7453125000 0.0828125000 0.2593750000
7 0.3234375000 0.6710937500 0.0593750000 0.1078125000
7 0.2546875000 0.6656250000 0.0437500000 0.1250000000
