10 0.2343750000 0.7781250000 0.2875000000 0.4437500000
8 0.3429687500 0.7617187500 0.3359375000 0.4765625000
5 0.4492187500 0.5406250000 0.0515625000 0.1375000000
5 0.3984375000 0.5390625000 0.0406250000 0.0968750000
5 0.3546875000 0.5492187500 0.0500000000 0.1140625000
5 0.3757812500 0.4804687500 0.0578125000 0.0515625000
8 0.9109375000 0.7656250000 0.1781250000 0.3343750000
2 0.6429687500 0.1429687500 0.0578125000 0.1515625000
2 0.7078125000 0.1632812500 0.0593750000 0.1640625000
2 0.7265625000 0.3296875000 0.0250000000 0.0718750000
2 0.7070312500 0.3468750000 0.0234375000 0.0656250000
2 0.6812500000 0.3320312500 0.0406250000 0.0671875000
2 0.6546875000 0.3265625000 0.0343750000 0.0843750000
2 0.6242187500 0.3328125000 0.0203125000 0.0812500000
2 0.6007812500 0.3289062500 0.0328125000 0.0765625000
2 0.7390625000 0.4195312500 0.0625000000 0.0734375000
2 0.6859375000 0.4281250000 0.0437500000 0.0593750000
2 0.6445312500 0.4187500000 0.0390625000 0.0687500000
2 0.6101562500 0.4242187500 0.0265625000 0.0921875000
2 0.6585937500 0.4812500000 0.0265625000 0.0437500000
2 0.6242187500 0.4781250000 0.0359375000 0.0531250000
2 0.7398437500 0.4750000000 0.0359375000 0.0781250000
2 0.6906250000 0.4851562500 0.0468750000 0.0578125000
2 0.7429687500 0.5812500000 0.0453125000 0.0875000000
2 0.7031250000 0.5734375000 0.0531250000 0.0875000000
2 0.6570312500 0.5859375000 0.0453125000 0.0875000000
2 0.5937500000 0.5953125000 0.0312500000 0.0843750000
2 0.6460937500 0.6265625000 0.0453125000 0.0593750000
2 0.7257812500 0.6320312500 0.0546875000 0.0671875000
