6 0.7859375000 0.7984375000 0.1906250000 0.4000000000
6 0.5906250000 0.8242187500 0.1968750000 0.3515625000
6 0.4132812500 0.7984375000 0.1796875000 0.2687500000
6 0.2390625000 0.7789062500 0.1781250000 0.2703125000
6 0.1789062500 0.8031250000 0.2078125000 0.3281250000
6 0.0601562500 0.7671875000 0.0921875000 0.2375000000
6 0.6054687500 0.6664062500 0.0421875000 0.0890625000
6 0.9710937500 0.6945312500 0.0578125000 0.1578125000
6 0.9265625000 0.6726562500 0.0500000000 0.0828125000
6 0.8882812500 0.6625000000 0.0671875000 0.1156250000
7 0.3554687500 0.6476562500 0.0203125000 0.1015625000
