8 0.8250000000 0.7468750000 0.3343750000 0.2093750000
5 0.9210937500 0.6273437500 0.0359375000 0.1078125000
5 0.8382812500 0.6242187500 0.0453125000 0.1015625000
5 0.7632812500 0.6515625000 0.0296875000 0.0562500000
5 0.4062500000 0.6250000000 0.0375000000 0.0531250000
5 0.9562500000 0.5671875000 0.0375000000 0.0593750000
10 0.5937500000 0.8257812500 0.3062500000 0.3484375000
10 0.5632812500 0.6359375000 0.0828125000 0.1437500000
10 0.3632812500 0.6515625000 0.0734375000 0.1437500000
8 0.4921875000 0.7210937500 0.2312500000 0.2453125000
7 0.4859375000 0.5414062500 0.0375000000 0.1140625000
7 0.4375000000 0.5304687500 0.0562500000 0.1109375000
7 0.5851562500 0.5312500000 0.0265625000 0.0656250000
7 0.7359375000 0.5335937500 0.0593750000 0.1046875000
7 0.7789062500 0.5429687500 0.0390625000 0.1484375000
