7 0.2242187500 0.5140625000 0.2359375000 0.9718750000
5 0.5359375000 0.1523437500 0.0343750000 0.2265625000
5 0.5140625000 0.1765625000 0.0406250000 0.1750000000
5 0.4859375000 0.2148437500 0.0281250000 0.1265625000
5 0.4562500000 0.2078125000 0.0531250000 0.0781250000
5 0.4078125000 0.1953125000 0.0468750000 0.1093750000
5 0.3695312500 0.1742187500 0.0546875000 0.1765625000
5 0.3312500000 0.1765625000 0.0406250000 0.1562500000
5 0.2929687500 0.1734375000 0.0359375000 0.1125000000
5 0.5875000000 0.1453125000 0.0656250000 0.2281250000
5 0.6398437500 0.1726562500 0.0484375000 0.1484375000
5 0.6859375000 0.1593750000 0.0406250000 0.1250000000
5 0.7304687500 0.1710937500 0.0328125000 0.1609375000
5 0.7562500000 0.1273437500 0.0500000000 0.1953125000
