9 0.7718750000 0.8687500000 0.4562500000 0.2437500000
6 0.1117187500 0.8835937500 0.1390625000 0.2328125000
6 0.2710937500 0.9093750000 0.1859375000 0.1812500000
6 0.6093750000 0.8343750000 0.0968750000 0.1562500000
7 0.4296875000 0.8195312500 0.0343750000 0.1859375000
7 0.2296875000 0.7820312500 0.0343750000 0.1046875000
7 0.2703125000 0.7882812500 0.0250000000 0.1046875000
7 0.2226562500 0.7531250000 0.0203125000 0.0625000000
7 0.2585937500 0.7351562500 0.0203125000 0.0671875000
7 0.3398437500 0.8148437500 0.0390625000 0.1703125000
7 0.2968750000 0.8054687500 0.0281250000 0.1171875000
7 0.3781250000 0.8390625000 0.0343750000 0.1718750000
7 0.3617187500 0.7960937500 0.0265625000 0.1890625000
7 0.4281250000 0.8226562500 0.0343750000 0.1859375000
7 0.4554687500 0.8265625000 0.0296875000 0.1656250000
7 0.4382812500 0.8023437500 0.0359375000 0.1546875000
7 0.5671875000 0.7843750000 0.0218750000 0.1093750000
7 0.5210937500 0.7765625000 0.0265625000 0.1218750000
7 0.5007812500 0.7781250000 0.0328125000 0.1093750000
7 0.6289062500 0.7914062500 0.0265625000 0.1484375000
7 0.8804687500 0.7445312500 0.0296875000 0.0828125000
7 0.8531250000 0.7531250000 0.0312500000 0.0656250000
