8 0.5359375000 0.2281250000 0.2343750000 0.0906250000
8 0.5335937500 0.2945312500 0.3359375000 0.1109375000
8 0.5710937500 0.4367187500 0.5453125000 0.2515625000
8 0.5007812500 0.8320312500 0.9984375000 0.3359375000
10 0.1742187500 0.5921875000 0.2859375000 0.4625000000
10 0.2953125000 0.4273437500 0.1562500000 0.3671875000
10 0.7031250000 0.2984375000 0.1156250000 0.1812500000
10 0.7625000000 0.4335937500 0.1781250000 0.3578125000
10 0.8804687500 0.5320312500 0.2390625000 0.3859375000
10 0.6703125000 0.1218750000 0.0437500000 0.0937500000
10 0.6078125000 0.1007812500 0.0312500000 0.0640625000
10 0.6359375000 0.0992187500 0.0468750000 0.1078125000
