7 0.2265625000 0.3992187500 0.1312500000 0.3640625000
7 0.3515625000 0.3609375000 0.1343750000 0.3750000000
8 0.3703125000 0.6742187500 0.5406250000 0.4328125000
8 0.0812500000 0.5234375000 0.1625000000 0.2531250000
8 0.7937500000 0.7000000000 0.3343750000 0.4343750000
5 0.3710937500 0.4476562500 0.0640625000 0.0953125000
5 0.3226562500 0.4390625000 0.0796875000 0.1437500000
5 0.2609375000 0.4367187500 0.0281250000 0.0984375000
5 0.2312500000 0.4406250000 0.0375000000 0.1031250000
5 0.5343750000 0.4679687500 0.0375000000 0.0734375000
5 0.1062500000 0.4398437500 0.0312500000 0.0671875000
5 0.0703125000 0.4609375000 0.0593750000 0.0750000000
5 0.0328125000 0.4539062500 0.0312500000 0.0609375000
