6 0.2210937500 0.5734375000 0.1734375000 0.2843750000
6 0.4023437500 0.5585937500 0.2265625000 0.2640625000
6 0.4929687500 0.5843750000 0.1828125000 0.2437500000
6 0.6429687500 0.5171875000 0.1234375000 0.2062500000
7 0.2906250000 0.4562500000 0.0843750000 0.2312500000
7 0.4210937500 0.4328125000 0.1265625000 0.2718750000
7 0.5453125000 0.4617187500 0.0843750000 0.3234375000
7 0.6875000000 0.3851562500 0.1062500000 0.2328125000
7 0.7898437500 0.3296875000 0.0578125000 0.1437500000
7 0.9046875000 0.3164062500 0.0593750000 0.1171875000
7 0.3140625000 0.3515625000 0.0312500000 0.0750000000
7 0.3515625000 0.3640625000 0.0156250000 0.1093750000
7 0.0679687500 0.4039062500 0.0390625000 0.1328125000
7 0.2867187500 0.3453125000 0.0234375000 0.0531250000
7 0.6562500000 0.3359375000 0.0312500000 0.1125000000
9 0.6296875000 0.6617187500 0.7406250000 0.6546875000
