7 0.6796875000 0.5648437500 0.1031250000 0.2515625000
7 0.4812500000 0.5390625000 0.0906250000 0.3656250000
7 0.6156250000 0.4117187500 0.0781250000 0.1828125000
7 0.4015625000 0.5578125000 0.0906250000 0.3531250000
7 0.3195312500 0.5492187500 0.1109375000 0.3546875000
2 0.8781250000 0.6171875000 0.0750000000 0.1750000000
2 0.5554687500 0.6101562500 0.0484375000 0.1546875000
10 0.5789062500 0.8593750000 0.2453125000 0.2812500000
10 0.9007812500 0.8757812500 0.1984375000 0.1890625000
2 0.2234375000 0.6882812500 0.0500000000 0.1203125000
2 0.2062500000 0.6359375000 0.0562500000 0.1375000000
