9 0.2210937500 0.6515625000 0.4421875000 0.3250000000
9 0.4554687500 0.5789062500 0.4453125000 0.2828125000
9 0.4367187500 0.4226562500 0.3765625000 0.1859375000
9 0.4695312500 0.3507812500 0.3515625000 0.1734375000
9 0.4976562500 0.2742187500 0.3671875000 0.1390625000
9 0.3796875000 0.2000000000 0.3843750000 0.1156250000
9 0.8546875000 0.3039062500 0.2906250000 0.1859375000
9 0.8796875000 0.2210937500 0.2406250000 0.1109375000
9 0.8320312500 0.1671875000 0.3359375000 0.1531250000
9 0.9148437500 0.6242187500 0.1703125000 0.3265625000
9 0.2109375000 0.8945312500 0.4218750000 0.2109375000
9 0.0617187500 0.2710937500 0.1234375000 0.2453125000
9 0.1406250000 0.1617187500 0.2812500000 0.2296875000
6 0.7609375000 0.8914062500 0.3000000000 0.2171875000
7 0.7539062500 0.7093750000 0.2046875000 0.2218750000
