5 0.7695312500 0.8320312500 0.1453125000 0.3359375000
5 0.8375000000 0.7648437500 0.1125000000 0.2671875000
5 0.9335937500 0.6843750000 0.1046875000 0.3062500000
8 0.7734375000 0.8375000000 0.4531250000 0.3250000000
7 0.9007812500 0.2812500000 0.1984375000 0.5125000000
7 0.6687500000 0.1968750000 0.0906250000 0.2718750000
7 0.7867187500 0.1015625000 0.0984375000 0.1718750000
7 0.5453125000 0.2125000000 0.1406250000 0.4156250000
7 0.3476562500 0.5039062500 0.3765625000 0.9921875000
7 0.0648437500 0.4171875000 0.1296875000 0.6531250000
