2 0.6960937500 0.6171875000 0.0671875000 0.2968750000
2 0.5859375000 0.6812500000 0.0812500000 0.2312500000
2 0.5171875000 0.6406250000 0.0562500000 0.2843750000
2 0.3179687500 0.5367187500 0.0171875000 0.1671875000
5 0.1007812500 0.5101562500 0.0453125000 0.1109375000
5 0.3968750000 0.5093750000 0.0250000000 0.0875000000
8 0.6109375000 0.7335937500 0.7781250000 0.5328125000
7 0.2742187500 0.8656250000 0.5484375000 0.2687500000
7 0.1945312500 0.7046875000 0.3890625000 0.2312500000
7 0.0359375000 0.4210937500 0.0656250000 0.2921875000
7 0.1242187500 0.3828125000 0.0953125000 0.2343750000
7 0.2320312500 0.3664062500 0.1078125000 0.2609375000
7 0.3710937500 0.3781250000 0.0953125000 0.1750000000
7 0.4656250000 0.3750000000 0.1125000000 0.2687500000
7 0.5687500000 0.3796875000 0.1093750000 0.1906250000
7 0.7132812500 0.3500000000 0.1078125000 0.2281250000
7 0.8445312500 0.4109375000 0.1234375000 0.2718750000
7 0.9437500000 0.5203125000 0.1125000000 0.3218750000
5 0.0289062500 0.3570312500 0.0578125000 0.0859375000
5 0.6437500000 0.3351562500 0.0468750000 0.1078125000
5 0.5476562500 0.3507812500 0.0359375000 0.0546875000
5 0.4429687500 0.3968750000 0.0390625000 0.1062500000
5 0.9421875000 0.4281250000 0.0437500000 0.0750000000
5 0.8625000000 0.4125000000 0.0375000000 0.0750000000
