1 0.2015625000 0.6117187500 0.2812500000 0.1078125000
1 0.6507812500 0.8093750000 0.6984375000 0.3281250000
7 0.4109375000 0.5703125000 0.1312500000 0.2937500000
7 0.1078125000 0.5718750000 0.0687500000 0.1218750000
7 0.2273437500 0.5640625000 0.0890625000 0.1187500000
7 0.5484375000 0.6453125000 0.0875000000 0.1812500000
7 0.6125000000 0.6312500000 0.0625000000 0.1937500000
7 0.6773437500 0.6429687500 0.0671875000 0.2140625000
7 0.7546875000 0.6648437500 0.0812500000 0.1921875000
7 0.8312500000 0.6648437500 0.0937500000 0.2234375000
7 0.8851562500 0.6703125000 0.0453125000 0.1718750000
7 0.9570312500 0.6765625000 0.0859375000 0.2093750000
