9 0.6234375000 0.7695312500 0.0375000000 0.0703125000
9 0.5406250000 0.7859375000 0.0281250000 0.0500000000
9 0.3703125000 0.9390625000 0.0718750000 0.1125000000
9 0.3906250000 0.8617187500 0.0281250000 0.0640625000
9 0.4437500000 0.8226562500 0.0281250000 0.0609375000
9 0.4593750000 0.7726562500 0.0218750000 0.0453125000
9 0.5023437500 0.7312500000 0.0265625000 0.0593750000
9 0.6726562500 0.7523437500 0.0296875000 0.0546875000
9 0.6507812500 0.7460937500 0.0359375000 0.0453125000
6 0.5484375000 0.7296875000 0.0062500000 0.0250000000
6 0.5351562500 0.7304687500 0.0140625000 0.0296875000
7 0.9039062500 0.8640625000 0.0265625000 0.0781250000
7 0.9289062500 0.8757812500 0.0328125000 0.0859375000
10 0.8718750000 0.8937500000 0.0218750000 0.0531250000
