9 0.4648437500 0.4476562500 0.1515625000 0.1453125000
9 0.4484375000 0.6523437500 0.1468750000 0.1484375000
9 0.7601562500 0.7773437500 0.2234375000 0.2234375000
9 0.9390625000 0.8054687500 0.1218750000 0.1296875000
7 0.6085937500 0.8500000000 0.0828125000 0.0875000000
7 0.5562500000 0.5609375000 0.0437500000 0.0406250000
7 0.6101562500 0.4945312500 0.0859375000 0.0734375000
7 0.6898437500 0.5046875000 0.0984375000 0.0750000000
7 0.7226562500 0.5843750000 0.0796875000 0.1093750000
7 0.8015625000 0.6476562500 0.0750000000 0.0484375000
6 0.4273437500 0.5578125000 0.0890625000 0.0593750000
9 0.3179687500 0.2390625000 0.1078125000 0.0468750000
9 0.2828125000 0.1984375000 0.0468750000 0.0500000000
9 0.2882812500 0.1570312500 0.0484375000 0.0328125000
9 0.3554687500 0.1523437500 0.0796875000 0.0453125000
9 0.2515625000 0.2171875000 0.0875000000 0.0718750000
