6 0.6023437500 0.7976562500 0.2796875000 0.4046875000
6 0.7539062500 0.5656250000 0.1609375000 0.1875000000
6 0.4812500000 0.6335937500 0.1343750000 0.2453125000
6 0.2101562500 0.7664062500 0.3703125000 0.4515625000
6 0.9585937500 0.5585937500 0.0828125000 0.2234375000
6 0.9265625000 0.5140625000 0.1125000000 0.2687500000
6 0.8601562500 0.5304687500 0.0671875000 0.1984375000
6 0.0632812500 0.6609375000 0.0765625000 0.2343750000
7 0.2398437500 0.6937500000 0.2671875000 0.6125000000
7 0.1851562500 0.4695312500 0.0640625000 0.1546875000
7 0.0820312500 0.4484375000 0.0515625000 0.1500000000
7 0.0242187500 0.4718750000 0.0359375000 0.1156250000
7 0.0625000000 0.4968750000 0.0406250000 0.1062500000
7 0.3507812500 0.4625000000 0.0359375000 0.1937500000
7 0.3914062500 0.4687500000 0.0390625000 0.1656250000
7 0.6046875000 0.7148437500 0.2000000000 0.5703125000
7 0.4734375000 0.5742187500 0.1437500000 0.3546875000
7 0.7804687500 0.4203125000 0.0546875000 0.1093750000
7 0.7343750000 0.4492187500 0.0750000000 0.1390625000
