3 0.4468750000 0.5242187500 0.5500000000 0.5234375000
9 0.1609375000 0.6085937500 0.0718750000 0.1453125000
9 0.0664062500 0.6000000000 0.1328125000 0.1250000000
7 0.5320312500 0.5546875000 0.0453125000 0.1562500000
7 0.4773437500 0.3164062500 0.0421875000 0.0984375000
7 0.5546875000 0.3156250000 0.0718750000 0.1000000000
7 0.5882812500 0.5351562500 0.0515625000 0.1140625000
7 0.6515625000 0.5531250000 0.0812500000 0.1031250000
7 0.9484375000 0.6390625000 0.1031250000 0.2312500000
7 0.8671875000 0.6492187500 0.0468750000 0.2546875000
7 0.8195312500 0.6179687500 0.0265625000 0.2390625000
7 0.7796875000 0.6179687500 0.0625000000 0.2359375000
7 0.7257812500 0.5890625000 0.0421875000 0.1843750000
