7 0.8046875000 0.7757812500 0.1218750000 0.4484375000
7 0.6851562500 0.8140625000 0.1046875000 0.3718750000
7 0.5710937500 0.7742187500 0.0796875000 0.4515625000
7 0.4984375000 0.7789062500 0.1031250000 0.4359375000
7 0.3843750000 0.6742187500 0.0718750000 0.1484375000
7 0.3953125000 0.8796875000 0.0937500000 0.2406250000
7 0.2906250000 0.7492187500 0.1125000000 0.5015625000
7 0.2515625000 0.8539062500 0.1093750000 0.2921875000
7 0.3531250000 0.5554687500 0.0468750000 0.1765625000
7 0.6156250000 0.5656250000 0.0843750000 0.1750000000
7 0.6812500000 0.5984375000 0.0500000000 0.1750000000
