7 0.5085937500 0.6757812500 0.2078125000 0.4390625000
7 0.5421875000 0.4062500000 0.0750000000 0.2781250000
7 0.5976562500 0.3960937500 0.0453125000 0.2703125000
7 0.6281250000 0.3789062500 0.0531250000 0.2296875000
7 0.6789062500 0.4312500000 0.0640625000 0.3625000000
7 0.7570312500 0.4453125000 0.0546875000 0.3218750000
7 0.8093750000 0.4164062500 0.0562500000 0.2546875000
7 0.8500000000 0.4320312500 0.0500000000 0.2546875000
7 0.8757812500 0.4484375000 0.0984375000 0.2687500000
7 0.9382812500 0.4414062500 0.0859375000 0.3015625000
