6 0.2804687500 0.8976562500 0.0609375000 0.0890625000
6 0.1601562500 0.9242187500 0.0765625000 0.1015625000
6 0.1187500000 0.9187500000 0.0593750000 0.0687500000
7 0.0992187500 0.8742187500 0.0421875000 0.1359375000
7 0.1546875000 0.8664062500 0.0468750000 0.1203125000
7 0.2875000000 0.8695312500 0.0406250000 0.1046875000
9 0.2929687500 0.8906250000 0.1640625000 0.1406250000
9 0.1468750000 0.8984375000 0.1625000000 0.1500000000
9 0.0429687500 0.8789062500 0.0859375000 0.1453125000
7 0.8601562500 0.8515625000 0.0296875000 0.0875000000
7 0.5421875000 0.8554687500 0.0406250000 0.0671875000
