8 0.5242187500 0.8523437500 0.3109375000 0.2953125000
8 0.2148437500 0.3835937500 0.2453125000 0.1203125000
8 0.6015625000 0.3960937500 0.2281250000 0.1765625000
10 0.8500000000 0.7609375000 0.3000000000 0.4750000000
10 0.1468750000 0.7781250000 0.2937500000 0.4437500000
7 0.0453125000 0.2820312500 0.0906250000 0.3578125000
7 0.1851562500 0.2625000000 0.0546875000 0.2625000000
7 0.2265625000 0.2531250000 0.0593750000 0.2625000000
7 0.3156250000 0.2898437500 0.0875000000 0.3765625000
7 0.5156250000 0.2656250000 0.1093750000 0.3437500000
7 0.5828125000 0.2726562500 0.0531250000 0.1828125000
7 0.6773437500 0.2117187500 0.0203125000 0.1171875000
7 0.7281250000 0.2859375000 0.0687500000 0.3937500000
7 0.7804687500 0.2960937500 0.0546875000 0.3640625000
7 0.8421875000 0.2953125000 0.0875000000 0.4000000000
