10 0.5203125000 0.6578125000 0.2031250000 0.1656250000
10 0.8046875000 0.6398437500 0.1468750000 0.0984375000
10 0.5203125000 0.5734375000 0.1750000000 0.0343750000
10 0.3398437500 0.5726562500 0.1078125000 0.0609375000
10 0.2187500000 0.6601562500 0.1281250000 0.1078125000
8 0.2757812500 0.6093750000 0.1671875000 0.1343750000
8 0.3179687500 0.5257812500 0.1328125000 0.0671875000
8 0.5210937500 0.5242187500 0.1546875000 0.0671875000
8 0.7492187500 0.5476562500 0.0921875000 0.0921875000
8 0.5203125000 0.6109375000 0.1593750000 0.0781250000
