7 0.3046875000 0.4507812500 0.1218750000 0.3640625000
7 0.4703125000 0.4960937500 0.1125000000 0.2984375000
0 0.3562500000 0.7398437500 0.1125000000 0.3234375000
0 0.4265625000 0.7101562500 0.0968750000 0.3046875000
9 0.9515625000 0.4398437500 0.0968750000 0.1859375000
9 0.9140625000 0.4734375000 0.1000000000 0.1062500000
9 0.8539062500 0.4492187500 0.0640625000 0.1046875000
9 0.7632812500 0.4320312500 0.1421875000 0.1171875000
9 0.6687500000 0.4101562500 0.0968750000 0.1296875000
9 0.5906250000 0.3921875000 0.0906250000 0.1093750000
