1 0.6093750000 0.7062500000 0.1656250000 0.1781250000
1 0.3273437500 0.6726562500 0.1328125000 0.1484375000
1 0.1156250000 0.5453125000 0.0875000000 0.0437500000
1 0.1828125000 0.5468750000 0.0562500000 0.0437500000
1 0.2484375000 0.5296875000 0.0812500000 0.0375000000
1 0.7593750000 0.6531250000 0.0968750000 0.1406250000
1 0.8250000000 0.5843750000 0.1156250000 0.1000000000
1 0.8023437500 0.4835937500 0.1640625000 0.0703125000
1 0.9484375000 0.5695312500 0.0750000000 0.1203125000
1 0.6500000000 0.4960937500 0.0937500000 0.0796875000
1 0.5085937500 0.4992187500 0.1734375000 0.0890625000
1 0.0695312500 0.6796875000 0.1390625000 0.1593750000
