3 0.6835937500 0.6062500000 0.1765625000 0.2531250000
9 0.8765625000 0.6210937500 0.0750000000 0.0921875000
9 0.7242187500 0.8656250000 0.1078125000 0.1062500000
9 0.8000000000 0.7593750000 0.0906250000 0.1125000000
9 0.9367187500 0.4546875000 0.0546875000 0.0656250000
9 0.8140625000 0.5164062500 0.0656250000 0.0734375000
9 0.8609375000 0.4367187500 0.0625000000 0.0890625000
9 0.9109375000 0.3867187500 0.0531250000 0.0578125000
9 0.4398437500 0.8757812500 0.1203125000 0.0734375000
7 0.5687500000 0.7835937500 0.0343750000 0.1046875000
7 0.4523437500 0.8015625000 0.0453125000 0.0875000000
7 0.4101562500 0.7859375000 0.0359375000 0.0937500000
7 0.4406250000 0.7421875000 0.0218750000 0.0937500000
7 0.5210937500 0.7062500000 0.0296875000 0.0875000000
7 0.5000000000 0.7085937500 0.0312500000 0.0890625000
