7 0.4781250000 0.5093750000 0.0843750000 0.4031250000
7 0.5546875000 0.4734375000 0.0781250000 0.3687500000
7 0.6953125000 0.3851562500 0.0906250000 0.3265625000
7 0.2367187500 0.4320312500 0.0640625000 0.1421875000
7 0.1320312500 0.4679687500 0.0578125000 0.0984375000
7 0.0523437500 0.4921875000 0.0515625000 0.1093750000
0 0.0601562500 0.6625000000 0.0734375000 0.2250000000
0 0.1281250000 0.6242187500 0.0625000000 0.1734375000
0 0.2273437500 0.6109375000 0.0703125000 0.2187500000
0 0.4843750000 0.7929687500 0.1468750000 0.3078125000
0 0.5718750000 0.6710937500 0.0656250000 0.3421875000
0 0.6921875000 0.5906250000 0.1312500000 0.2781250000
