1 0.1539062500 0.8406250000 0.1265625000 0.1031250000
1 0.1203125000 0.7882812500 0.1406250000 0.0640625000
1 0.3820312500 0.7976562500 0.1109375000 0.0453125000
1 0.4664062500 0.8406250000 0.1515625000 0.0687500000
1 0.4914062500 0.7601562500 0.1390625000 0.0859375000
1 0.3406250000 0.7273437500 0.0937500000 0.0703125000
1 0.5671875000 0.7226562500 0.0968750000 0.0765625000
1 0.6195312500 0.8203125000 0.1140625000 0.0750000000
1 0.7281250000 0.7632812500 0.1156250000 0.0546875000
1 0.6531250000 0.7531250000 0.0875000000 0.0687500000
1 0.7171875000 0.7101562500 0.0718750000 0.0859375000
1 0.7601562500 0.6617187500 0.0703125000 0.0640625000
1 0.8234375000 0.7570312500 0.0562500000 0.0671875000
1 0.9375000000 0.8109375000 0.1093750000 0.0625000000
1 0.9140625000 0.7617187500 0.0500000000 0.0515625000
1 0.8976562500 0.7007812500 0.0578125000 0.0953125000
1 0.8312500000 0.6960937500 0.0562500000 0.1109375000
1 0.9460937500 0.6921875000 0.0609375000 0.0875000000
