10 0.4015625000 0.8281250000 0.1656250000 0.3062500000
10 0.2023437500 0.8296875000 0.2796875000 0.2968750000
10 0.5953125000 0.9101562500 0.2218750000 0.1796875000
10 0.7226562500 0.8632812500 0.1828125000 0.1265625000
10 0.5703125000 0.7960937500 0.1906250000 0.2140625000
10 0.6273437500 0.7578125000 0.1171875000 0.1937500000
10 0.7125000000 0.7718750000 0.0718750000 0.2031250000
10 0.7617187500 0.7601562500 0.0640625000 0.1796875000
10 0.1531250000 0.6195312500 0.1781250000 0.1546875000
10 0.0656250000 0.5742187500 0.1093750000 0.2203125000
8 0.2125000000 0.8070312500 0.2625000000 0.3078125000
8 0.5140625000 0.7242187500 0.1312500000 0.1328125000
8 0.4140625000 0.6218750000 0.0937500000 0.1250000000
8 0.2351562500 0.6453125000 0.1734375000 0.1781250000
8 0.8226562500 0.9351562500 0.3453125000 0.1296875000
5 0.7843750000 0.8835937500 0.0625000000 0.1328125000
7 0.3210937500 0.4468750000 0.0671875000 0.1312500000
