7 0.7843750000 0.5265625000 0.3000000000 0.9468750000
7 0.4421875000 0.5156250000 0.3656250000 0.9625000000
7 0.1906250000 0.4562500000 0.2843750000 0.8062500000
7 0.5328125000 0.2414062500 0.0750000000 0.1296875000
7 0.5085937500 0.2039062500 0.0796875000 0.1640625000
7 0.6695312500 0.2343750000 0.0609375000 0.1968750000
7 0.9742187500 0.3382812500 0.0515625000 0.2734375000
7 0.9343750000 0.2812500000 0.0656250000 0.1812500000
10 0.6257812500 0.8390625000 0.1203125000 0.3218750000
10 0.1515625000 0.8984375000 0.2312500000 0.2031250000
7 0.2453125000 0.2351562500 0.0937500000 0.1953125000
