9 0.8125000000 0.5195312500 0.2468750000 0.2546875000
7 0.4882812500 0.5140625000 0.0953125000 0.2468750000
7 0.2312500000 0.5109375000 0.1781250000 0.3468750000
7 0.1250000000 0.4921875000 0.0968750000 0.3187500000
7 0.4257812500 0.4882812500 0.1046875000 0.2296875000
7 0.3765625000 0.5062500000 0.0781250000 0.2062500000
6 0.9757812500 0.5171875000 0.0484375000 0.1750000000
6 0.2671875000 0.8203125000 0.5343750000 0.3562500000
6 0.5710937500 0.6085937500 0.2140625000 0.1765625000
6 0.4093750000 0.6039062500 0.1562500000 0.1546875000
