7 0.9546875000 0.4710937500 0.0906250000 0.4109375000
7 0.8468750000 0.4273437500 0.0906250000 0.3609375000
7 0.7734375000 0.5281250000 0.0968750000 0.3750000000
7 0.7101562500 0.4343750000 0.0671875000 0.2593750000
7 0.6250000000 0.4140625000 0.0687500000 0.3093750000
7 0.5578125000 0.4304687500 0.0718750000 0.3015625000
7 0.5179687500 0.4117187500 0.0703125000 0.2546875000
7 0.4562500000 0.4382812500 0.0875000000 0.3296875000
7 0.3781250000 0.4140625000 0.0750000000 0.2531250000
7 0.3312500000 0.4070312500 0.0718750000 0.2328125000
7 0.2835937500 0.4492187500 0.0828125000 0.3234375000
7 0.2414062500 0.3632812500 0.0890625000 0.2640625000
7 0.1906250000 0.4070312500 0.0906250000 0.2515625000
7 0.1421875000 0.3273437500 0.0593750000 0.1859375000
7 0.0937500000 0.4132812500 0.0812500000 0.2921875000
7 0.0359375000 0.3789062500 0.0625000000 0.2484375000
6 0.0460937500 0.5851562500 0.0859375000 0.2515625000
6 0.1523437500 0.6125000000 0.1140625000 0.2281250000
6 0.2664062500 0.6421875000 0.1109375000 0.2937500000
6 0.4460937500 0.6335937500 0.2203125000 0.3078125000
6 0.6039062500 0.6054687500 0.1671875000 0.2515625000
6 0.6828125000 0.6156250000 0.1125000000 0.2468750000
6 0.7539062500 0.8070312500 0.2078125000 0.2828125000
6 0.9062500000 0.7750000000 0.1875000000 0.4437500000
3 0.6359375000 0.2164062500 0.4843750000 0.3453125000
