2 0.4320312500 0.8281250000 0.0671875000 0.1593750000
2 0.3523437500 0.8343750000 0.0515625000 0.1593750000
2 0.4703125000 0.6523437500 0.0406250000 0.1109375000
2 0.5296875000 0.6773437500 0.0437500000 0.1296875000
2 0.5718750000 0.6992187500 0.0375000000 0.1015625000
2 0.6609375000 0.7781250000 0.0343750000 0.1250000000
2 0.6898437500 0.7531250000 0.0359375000 0.0937500000
2 0.7312500000 0.7578125000 0.0312500000 0.1187500000
2 0.7679687500 0.7796875000 0.0328125000 0.1500000000
2 0.7882812500 0.8632812500 0.0328125000 0.1015625000
2 0.8296875000 0.8750000000 0.0437500000 0.1031250000
2 0.8328125000 0.7828125000 0.0343750000 0.1000000000
2 0.8656250000 0.8468750000 0.0468750000 0.0968750000
2 0.9304687500 0.8531250000 0.0671875000 0.1250000000
2 0.6179687500 0.6867187500 0.0515625000 0.0671875000
