7 0.1796875000 0.2437500000 0.0593750000 0.1812500000
7 0.2062500000 0.2351562500 0.0312500000 0.1640625000
7 0.2515625000 0.2609375000 0.0468750000 0.1406250000
7 0.3242187500 0.3242187500 0.0609375000 0.2921875000
7 0.3585937500 0.2507812500 0.0484375000 0.1609375000
7 0.4726562500 0.3046875000 0.0546875000 0.2718750000
7 0.5390625000 0.3093750000 0.0437500000 0.2343750000
7 0.5609375000 0.2593750000 0.0281250000 0.1218750000
7 0.5796875000 0.2632812500 0.0281250000 0.0984375000
7 0.6093750000 0.3234375000 0.0437500000 0.2968750000
7 0.6671875000 0.3351562500 0.0843750000 0.3765625000
7 0.7546875000 0.2445312500 0.0531250000 0.2046875000
7 0.7937500000 0.2476562500 0.0625000000 0.2046875000
7 0.8625000000 0.2335937500 0.0343750000 0.1546875000
7 0.8843750000 0.2859375000 0.0468750000 0.2312500000
7 0.9359375000 0.3445312500 0.0562500000 0.3484375000
10 0.8546875000 0.4578125000 0.0718750000 0.1968750000
10 0.7453125000 0.4601562500 0.0687500000 0.1890625000
10 0.2609375000 0.4343750000 0.0562500000 0.1343750000
10 0.2367187500 0.3882812500 0.0453125000 0.0953125000
10 0.0570312500 0.5140625000 0.1140625000 0.2250000000
8 0.5171875000 0.7429687500 0.9031250000 0.4359375000
8 0.1507812500 0.4546875000 0.2671875000 0.2218750000
8 0.7906250000 0.4101562500 0.2531250000 0.1296875000
2 0.0664062500 0.3500000000 0.0234375000 0.0625000000
2 0.6875000000 0.5882812500 0.0562500000 0.2609375000
