7 0.5242187500 0.6218750000 0.0796875000 0.2468750000
7 0.4210937500 0.6304687500 0.0421875000 0.2390625000
7 0.2187500000 0.6507812500 0.0906250000 0.3171875000
7 0.1234375000 0.6054687500 0.0656250000 0.2296875000
7 0.0445312500 0.6843750000 0.0890625000 0.4437500000
7 0.8734375000 0.5929687500 0.0656250000 0.2578125000
0 0.8609375000 0.8695312500 0.2656250000 0.2609375000
0 0.5468750000 0.8070312500 0.1531250000 0.2640625000
0 0.3867187500 0.7742187500 0.1296875000 0.1765625000
3 0.5226562500 0.5929687500 0.3828125000 0.2984375000
9 0.9507812500 0.6945312500 0.0984375000 0.3484375000
9 0.7726562500 0.6414062500 0.1328125000 0.1546875000
9 0.3062500000 0.6117187500 0.0593750000 0.0671875000
