7 0.1179687500 0.7546875000 0.1546875000 0.4906250000
7 0.2679687500 0.7601562500 0.2140625000 0.4796875000
7 0.5210937500 0.7414062500 0.2515625000 0.5171875000
7 0.6875000000 0.7164062500 0.2406250000 0.5421875000
7 0.3406250000 0.5765625000 0.0281250000 0.0625000000
7 0.3656250000 0.5710937500 0.0187500000 0.0703125000
7 0.0343750000 0.5562500000 0.0312500000 0.0500000000
7 0.0132812500 0.5515625000 0.0265625000 0.0656250000
9 0.7695312500 0.7453125000 0.4609375000 0.5093750000
6 0.2265625000 0.8117187500 0.4281250000 0.3765625000
