7 0.3656250000 0.4812500000 0.0593750000 0.2531250000
7 0.3156250000 0.4796875000 0.0562500000 0.1781250000
7 0.2734375000 0.4750000000 0.0593750000 0.2500000000
7 0.2421875000 0.5085937500 0.0531250000 0.3140625000
7 0.2125000000 0.4890625000 0.0375000000 0.2343750000
7 0.1812500000 0.4781250000 0.0406250000 0.2125000000
7 0.1468750000 0.5210937500 0.0718750000 0.3296875000
7 0.0828125000 0.5398437500 0.0812500000 0.3671875000
3 0.5304687500 0.4398437500 0.2859375000 0.3890625000
9 0.7367187500 0.4812500000 0.1078125000 0.1656250000
9 0.9593750000 0.5046875000 0.0812500000 0.1531250000
