7 0.7070312500 0.5273437500 0.1859375000 0.4265625000
7 0.8140625000 0.3828125000 0.0906250000 0.2250000000
7 0.8976562500 0.4382812500 0.0609375000 0.1953125000
7 0.9632812500 0.4421875000 0.0703125000 0.1375000000
7 0.4132812500 0.5359375000 0.1578125000 0.5375000000
7 0.1820312500 0.5312500000 0.2078125000 0.6031250000
7 0.0453125000 0.3726562500 0.0906250000 0.2453125000
8 0.5421875000 0.8398437500 0.9156250000 0.3203125000
2 0.9140625000 0.6328125000 0.0562500000 0.2343750000
2 0.4906250000 0.8000000000 0.1000000000 0.2281250000
5 0.3648437500 0.7921875000 0.1078125000 0.1468750000
5 0.5710937500 0.7476562500 0.0890625000 0.1890625000
5 0.7750000000 0.8867187500 0.1625000000 0.2265625000
5 0.9210937500 0.8414062500 0.0984375000 0.2359375000
5 0.9734375000 0.7203125000 0.0531250000 0.1375000000
