7 0.4757812500 0.8882812500 0.0828125000 0.2171875000
10 0.3218750000 0.9382812500 0.1718750000 0.1234375000
9 0.1476562500 0.8125000000 0.0984375000 0.1156250000
9 0.0437500000 0.8125000000 0.0875000000 0.1125000000
9 0.6421875000 0.8179687500 0.0500000000 0.0640625000
9 0.6898437500 0.8101562500 0.0390625000 0.0734375000
9 0.7289062500 0.8078125000 0.0328125000 0.1031250000
9 0.7648437500 0.8117187500 0.0359375000 0.0984375000
9 0.8085937500 0.8250000000 0.0390625000 0.0937500000
9 0.8648437500 0.8242187500 0.0640625000 0.0859375000
