7 0.4289062500 0.5843750000 0.0453125000 0.1656250000
7 0.3890625000 0.5796875000 0.0531250000 0.1406250000
7 0.1109375000 0.4882812500 0.0375000000 0.1234375000
7 0.2328125000 0.5312500000 0.0656250000 0.2531250000
7 0.5062500000 0.5460937500 0.0343750000 0.1953125000
7 0.6007812500 0.6046875000 0.0484375000 0.1875000000
7 0.6218750000 0.5375000000 0.0593750000 0.1750000000
7 0.6765625000 0.5734375000 0.0437500000 0.1812500000
7 0.7335937500 0.5679687500 0.0453125000 0.1796875000
7 0.7859375000 0.5773437500 0.0406250000 0.1421875000
3 0.4914062500 0.5960937500 0.9828125000 0.7171875000
