8 0.4351562500 0.7757812500 0.5765625000 0.4484375000
7 0.8625000000 0.7796875000 0.1593750000 0.4406250000
7 0.7804687500 0.6320312500 0.1234375000 0.3671875000
7 0.4703125000 0.5265625000 0.0812500000 0.2000000000
7 0.2921875000 0.3953125000 0.0906250000 0.1593750000
7 0.2953125000 0.6132812500 0.0968750000 0.2765625000
7 0.1984375000 0.6234375000 0.0968750000 0.3656250000
7 0.0617187500 0.7210937500 0.1234375000 0.4109375000
5 0.5554687500 0.7492187500 0.0359375000 0.1171875000
5 0.6242187500 0.6859375000 0.0484375000 0.0781250000
5 0.4093750000 0.6929687500 0.0500000000 0.0703125000
2 0.4046875000 0.8531250000 0.0687500000 0.2093750000
2 0.5546875000 0.6273437500 0.0437500000 0.1171875000
