7 0.2703125000 0.7312500000 0.1250000000 0.5343750000
7 0.0421875000 0.7062500000 0.0843750000 0.4906250000
7 0.3617187500 0.7281250000 0.0890625000 0.4406250000
7 0.4164062500 0.7328125000 0.0796875000 0.3687500000
7 0.4765625000 0.6804687500 0.0562500000 0.2921875000
7 0.5304687500 0.6304687500 0.0859375000 0.3390625000
7 0.6710937500 0.6515625000 0.0703125000 0.2875000000
7 0.7765625000 0.7156250000 0.0562500000 0.2968750000
7 0.7421875000 0.6796875000 0.0437500000 0.2718750000
7 0.9125000000 0.7093750000 0.0656250000 0.2750000000
7 0.8703125000 0.6851562500 0.0593750000 0.2609375000
7 0.8257812500 0.7046875000 0.0421875000 0.3187500000
