7 0.7171875000 0.6195312500 0.3718750000 0.7609375000
7 0.2562500000 0.4703125000 0.1031250000 0.2593750000
7 0.1210937500 0.4968750000 0.1078125000 0.2218750000
7 0.3710937500 0.4273437500 0.0765625000 0.1984375000
7 0.4031250000 0.5164062500 0.0718750000 0.1984375000
7 0.4734375000 0.4218750000 0.0718750000 0.2125000000
7 0.9585937500 0.5273437500 0.0828125000 0.1703125000
7 0.8929687500 0.5023437500 0.0515625000 0.1578125000
7 0.0375000000 0.5656250000 0.0750000000 0.3187500000
5 0.5890625000 0.5585937500 0.0500000000 0.1203125000
5 0.5632812500 0.5476562500 0.0484375000 0.1109375000
5 0.5445312500 0.5898437500 0.0546875000 0.1046875000
