6 0.3968750000 0.5875000000 0.3156250000 0.2937500000
6 0.6906250000 0.7335937500 0.4406250000 0.4171875000
9 0.7906250000 0.3070312500 0.2093750000 0.2328125000
9 0.0687500000 0.3289062500 0.1375000000 0.1984375000
9 0.4687500000 0.2843750000 0.1031250000 0.1031250000
7 0.5671875000 0.3179687500 0.0468750000 0.1234375000
7 0.1562500000 0.4140625000 0.0718750000 0.2281250000
7 0.3476562500 0.3148437500 0.0484375000 0.2078125000
7 0.3921875000 0.4445312500 0.1406250000 0.4078125000
7 0.6523437500 0.4906250000 0.1484375000 0.4468750000
7 0.8953125000 0.4578125000 0.0718750000 0.4937500000
7 0.9687500000 0.4500000000 0.0625000000 0.5562500000
7 0.6039062500 0.3039062500 0.0328125000 0.1796875000
