7 0.6062500000 0.8976562500 0.0625000000 0.1046875000
6 0.6109375000 0.9625000000 0.0812500000 0.0750000000
6 0.8734375000 0.3156250000 0.0468750000 0.1125000000
6 0.8765625000 0.5570312500 0.0406250000 0.1203125000
9 0.7585937500 0.8328125000 0.1359375000 0.2718750000
9 0.5085937500 0.8148437500 0.1359375000 0.2109375000
9 0.6015625000 0.7007812500 0.1406250000 0.1734375000
9 0.7664062500 0.6671875000 0.1171875000 0.1406250000
9 0.7914062500 0.5843750000 0.0828125000 0.1031250000
9 0.8117187500 0.4343750000 0.0703125000 0.1093750000
9 0.8062500000 0.3593750000 0.0593750000 0.0781250000
9 0.8203125000 0.2867187500 0.0718750000 0.1234375000
9 0.8546875000 0.2195312500 0.0531250000 0.0515625000
9 0.8453125000 0.1609375000 0.0343750000 0.0437500000
9 0.2617187500 0.8820312500 0.1984375000 0.2359375000
9 0.0664062500 0.8828125000 0.1328125000 0.2343750000
9 0.0273437500 0.7281250000 0.0546875000 0.1468750000
9 0.0296875000 0.3937500000 0.0531250000 0.1343750000
9 0.3664062500 0.6968750000 0.1234375000 0.2187500000
9 0.4382812500 0.5773437500 0.0734375000 0.1390625000
9 0.5195312500 0.5265625000 0.1109375000 0.1968750000
9 0.5617187500 0.4437500000 0.0828125000 0.1156250000
9 0.4484375000 0.4789062500 0.1156250000 0.1171875000
9 0.4773437500 0.3992187500 0.1046875000 0.0734375000
9 0.6054687500 0.3796875000 0.0859375000 0.0843750000
9 0.5250000000 0.3367187500 0.0562500000 0.0890625000
9 0.5679687500 0.2968750000 0.0671875000 0.0437500000
9 0.6492187500 0.3335937500 0.0890625000 0.0734375000
9 0.6687500000 0.2875000000 0.0562500000 0.0875000000
9 0.7031250000 0.4218750000 0.0593750000 0.1375000000
9 0.6304687500 0.5171875000 0.0765625000 0.1000000000
9 0.7210937500 0.3437500000 0.0578125000 0.0906250000
9 0.7523437500 0.2757812500 0.0234375000 0.0796875000
9 0.7843750000 0.2015625000 0.0562500000 0.0562500000
9 0.7265625000 0.2132812500 0.0562500000 0.0796875000
9 0.6726562500 0.2265625000 0.0859375000 0.0968750000
