7 0.0601562500 0.5664062500 0.1203125000 0.5640625000
7 0.2414062500 0.5515625000 0.1171875000 0.3625000000
7 0.3000000000 0.5515625000 0.1062500000 0.3343750000
7 0.1429687500 0.5640625000 0.0921875000 0.2937500000
7 0.4750000000 0.5328125000 0.1187500000 0.3468750000
7 0.5867187500 0.5023437500 0.1046875000 0.4140625000
7 0.6453125000 0.5250000000 0.1000000000 0.3000000000
7 0.7890625000 0.5148437500 0.1437500000 0.4546875000
10 0.7085937500 0.8539062500 0.2859375000 0.2921875000
10 0.4039062500 0.8367187500 0.2765625000 0.3140625000
8 0.5218750000 0.7906250000 0.8375000000 0.4187500000
