5 0.3523437500 0.5882812500 0.0453125000 0.1296875000
5 0.3273437500 0.6429687500 0.0421875000 0.1609375000
5 0.2953125000 0.6476562500 0.0781250000 0.1765625000
2 0.2296875000 0.5859375000 0.0406250000 0.1875000000
2 0.1968750000 0.6148437500 0.0625000000 0.2859375000
2 0.1195312500 0.5976562500 0.0671875000 0.2890625000
8 0.2257812500 0.8054687500 0.4515625000 0.3890625000
7 0.6328125000 0.6007812500 0.2031250000 0.7984375000
7 0.5343750000 0.4882812500 0.1250000000 0.2171875000
7 0.3898437500 0.4710937500 0.1484375000 0.2859375000
7 0.8539062500 0.5234375000 0.1484375000 0.5843750000
