3 0.2921875000 0.4406250000 0.5312500000 0.2781250000
7 0.5343750000 0.4726562500 0.0437500000 0.1484375000
7 0.5796875000 0.4625000000 0.0343750000 0.1312500000
7 0.6078125000 0.4531250000 0.0375000000 0.1062500000
7 0.6421875000 0.4570312500 0.0500000000 0.1234375000
7 0.6742187500 0.4484375000 0.0546875000 0.1312500000
7 0.7046875000 0.4562500000 0.0406250000 0.1125000000
7 0.7335937500 0.4625000000 0.0390625000 0.1156250000
7 0.7664062500 0.4578125000 0.0609375000 0.1187500000
7 0.8187500000 0.4570312500 0.0625000000 0.1140625000
7 0.8796875000 0.4609375000 0.0531250000 0.1187500000
