7 0.6500000000 0.6335937500 0.1031250000 0.4359375000
7 0.8617187500 0.6382812500 0.0859375000 0.3265625000
7 0.8085937500 0.8859375000 0.1828125000 0.2281250000
7 0.1906250000 0.9296875000 0.1656250000 0.1406250000
7 0.0648437500 0.7992187500 0.1296875000 0.4015625000
7 0.1375000000 0.6078125000 0.1718750000 0.5187500000
7 0.3312500000 0.6679687500 0.0937500000 0.4765625000
7 0.4507812500 0.6101562500 0.1265625000 0.5328125000
7 0.7437500000 0.4140625000 0.0718750000 0.1656250000
7 0.2921875000 0.4242187500 0.0687500000 0.1953125000
10 0.5554687500 0.8062500000 0.1046875000 0.3343750000
10 0.7421875000 0.6992187500 0.0781250000 0.2046875000
10 0.9679687500 0.7906250000 0.0640625000 0.1812500000
5 0.3281250000 0.9460937500 0.0656250000 0.1078125000
5 0.2593750000 0.9281250000 0.0687500000 0.1281250000
5 0.0914062500 0.9546875000 0.0578125000 0.0906250000
