7 0.4500000000 0.7195312500 0.1781250000 0.5609375000
7 0.6695312500 0.7273437500 0.1328125000 0.5453125000
2 0.6125000000 0.6507812500 0.0250000000 0.0796875000
2 0.0679687500 0.6367187500 0.0515625000 0.1359375000
2 0.1562500000 0.6601562500 0.0968750000 0.1546875000
2 0.5867187500 0.6562500000 0.0296875000 0.0812500000
2 0.5601562500 0.6429687500 0.0359375000 0.0828125000
2 0.6351562500 0.5835937500 0.0328125000 0.0640625000
2 0.6085937500 0.5750000000 0.0234375000 0.0843750000
2 0.5898437500 0.5750000000 0.0203125000 0.0812500000
2 0.5593750000 0.5695312500 0.0343750000 0.0796875000
