0 0.1703125000 0.7898437500 0.1531250000 0.4140625000
0 0.4703125000 0.7343750000 0.1406250000 0.4531250000
0 0.6406250000 0.7460937500 0.1250000000 0.3921875000
7 0.9109375000 0.5406250000 0.1625000000 0.7843750000
7 0.7210937500 0.4781250000 0.1421875000 0.4343750000
7 0.5726562500 0.4320312500 0.1390625000 0.3609375000
7 0.4328125000 0.3406250000 0.1156250000 0.3937500000
7 0.2921875000 0.4859375000 0.1000000000 0.3437500000
7 0.2140625000 0.4328125000 0.0843750000 0.3093750000
7 0.1593750000 0.3210937500 0.1656250000 0.3640625000
