7 0.4515625000 0.3195312500 0.1031250000 0.3859375000
7 0.5914062500 0.5078125000 0.0734375000 0.4468750000
7 0.6554687500 0.3968750000 0.0484375000 0.3531250000
7 0.6804687500 0.3890625000 0.0765625000 0.4906250000
7 0.7546875000 0.3828125000 0.1500000000 0.6406250000
7 0.9210937500 0.4742187500 0.1578125000 0.9484375000
7 0.2601562500 0.3867187500 0.1109375000 0.4671875000
7 0.1453125000 0.3640625000 0.0843750000 0.6437500000
7 0.0734375000 0.4656250000 0.1468750000 0.9312500000
8 0.5320312500 0.6429687500 0.4046875000 0.4703125000
