2 0.4890625000 0.4539062500 0.0593750000 0.3171875000
5 0.7710937500 0.6250000000 0.1390625000 0.1718750000
5 0.1851562500 0.7531250000 0.1734375000 0.2343750000
5 0.3257812500 0.6304687500 0.0765625000 0.1578125000
5 0.4367187500 0.5585937500 0.1046875000 0.1359375000
5 0.6390625000 0.5914062500 0.0625000000 0.1296875000
5 0.5914062500 0.5335937500 0.0609375000 0.1109375000
7 0.9125000000 0.4367187500 0.1750000000 0.6078125000
7 0.1039062500 0.3625000000 0.2078125000 0.6156250000
7 0.2296875000 0.3906250000 0.1000000000 0.2968750000
7 0.3406250000 0.4695312500 0.0937500000 0.1953125000
7 0.3929687500 0.3960937500 0.0984375000 0.2046875000
7 0.6609375000 0.4523437500 0.0937500000 0.1953125000
