9 0.5828125000 0.7617187500 0.3125000000 0.1390625000
9 0.8648437500 0.7210937500 0.2703125000 0.1140625000
9 0.3945312500 0.6929687500 0.1609375000 0.1046875000
9 0.5070312500 0.6812500000 0.0890625000 0.0718750000
9 0.2578125000 0.6960937500 0.1562500000 0.0890625000
9 0.1445312500 0.8132812500 0.2890625000 0.2140625000
9 0.0617187500 0.6804687500 0.1015625000 0.0796875000
7 0.4210937500 0.7812500000 0.1203125000 0.2250000000
7 0.7843750000 0.7046875000 0.0375000000 0.1500000000
7 0.7148437500 0.6945312500 0.0421875000 0.1046875000
7 0.9710937500 0.6578125000 0.0578125000 0.0718750000
7 0.6671875000 0.6953125000 0.0625000000 0.1062500000
6 0.9031250000 0.7765625000 0.1718750000 0.1531250000
