10 0.8132812500 0.6953125000 0.2140625000 0.1750000000
10 0.7601562500 0.6148437500 0.1078125000 0.1140625000
10 0.2906250000 0.8265625000 0.0937500000 0.2156250000
10 0.1992187500 0.9195312500 0.1265625000 0.1609375000
10 0.5210937500 0.6492187500 0.0515625000 0.1140625000
10 0.4523437500 0.6851562500 0.0859375000 0.1515625000
7 0.3312500000 0.6906250000 0.2125000000 0.2875000000
7 0.5531250000 0.5062500000 0.0750000000 0.1000000000
7 0.4867187500 0.5656250000 0.0671875000 0.0875000000
7 0.3664062500 0.5671875000 0.0546875000 0.0937500000
7 0.6820312500 0.5179687500 0.0515625000 0.0703125000
7 0.6242187500 0.5031250000 0.0703125000 0.1031250000
8 0.1195312500 0.7898437500 0.2390625000 0.1578125000
8 0.0960937500 0.8945312500 0.1921875000 0.1734375000
9 0.3070312500 0.5195312500 0.2359375000 0.1734375000
9 0.1570312500 0.5273437500 0.2078125000 0.1890625000
