7 0.6562500000 0.6640625000 0.0968750000 0.4812500000
7 0.7562500000 0.6031250000 0.0750000000 0.3468750000
7 0.7226562500 0.6593750000 0.0359375000 0.2718750000
7 0.5335937500 0.6437500000 0.1171875000 0.5281250000
7 0.4007812500 0.6851562500 0.1265625000 0.5265625000
7 0.3265625000 0.6335937500 0.0562500000 0.3359375000
7 0.2203125000 0.6328125000 0.0593750000 0.3312500000
7 0.2835937500 0.5914062500 0.0546875000 0.2109375000
7 0.0726562500 0.5796875000 0.0328125000 0.1625000000
7 0.1484375000 0.6257812500 0.0312500000 0.1484375000
7 0.1687500000 0.5632812500 0.0343750000 0.1203125000
