3 0.4250000000 0.5500000000 0.6968750000 0.7281250000
7 0.2539062500 0.5867187500 0.0390625000 0.0828125000
7 0.3093750000 0.5875000000 0.0500000000 0.0906250000
7 0.3929687500 0.5882812500 0.0703125000 0.0765625000
7 0.4968750000 0.2664062500 0.0437500000 0.0640625000
7 0.4195312500 0.2757812500 0.0390625000 0.0765625000
7 0.3742187500 0.2820312500 0.0328125000 0.0890625000
7 0.3406250000 0.3085937500 0.0312500000 0.0796875000
7 0.2984375000 0.3125000000 0.0281250000 0.0656250000
7 0.2734375000 0.3273437500 0.0375000000 0.0671875000
7 0.2351562500 0.3164062500 0.0421875000 0.0765625000
7 0.4437500000 0.5765625000 0.0343750000 0.0781250000
