5 0.5968750000 0.7343750000 0.0750000000 0.2250000000
5 0.6882812500 0.3875000000 0.0421875000 0.1125000000
5 0.3265625000 0.5585937500 0.0593750000 0.1484375000
7 0.7500000000 0.4812500000 0.1312500000 0.5437500000
7 0.1671875000 0.6398437500 0.2093750000 0.6578125000
7 0.0195312500 0.4937500000 0.0390625000 0.4156250000
7 0.5078125000 0.3867187500 0.1812500000 0.4171875000
7 0.8648437500 0.1945312500 0.1359375000 0.2640625000
7 0.6468750000 0.2773437500 0.0843750000 0.1140625000
7 0.3773437500 0.1585937500 0.0484375000 0.1203125000
7 0.3390625000 0.1875000000 0.0562500000 0.1281250000
7 0.3031250000 0.2062500000 0.0750000000 0.1250000000
7 0.0945312500 0.1710937500 0.0796875000 0.1734375000
7 0.0414062500 0.2179687500 0.0828125000 0.1796875000
8 0.4898437500 0.6671875000 0.5984375000 0.6343750000
