7 0.8937500000 0.5765625000 0.2125000000 0.7750000000
7 0.6265625000 0.4796875000 0.1250000000 0.5937500000
2 0.4390625000 0.6054687500 0.1937500000 0.5703125000
2 0.7507812500 0.5835937500 0.1078125000 0.4890625000
2 0.6875000000 0.6460937500 0.1406250000 0.5578125000
2 0.1187500000 0.4148437500 0.1562500000 0.2453125000
5 0.1398437500 0.7046875000 0.1578125000 0.3781250000
5 0.1328125000 0.7960937500 0.1593750000 0.4078125000
5 0.3062500000 0.6531250000 0.1562500000 0.4437500000
5 0.3554687500 0.8406250000 0.0921875000 0.3187500000
