1 0.2476562500 0.5460937500 0.0921875000 0.0671875000
1 0.5335937500 0.5757812500 0.0796875000 0.0953125000
1 0.4718750000 0.5484375000 0.0500000000 0.0750000000
1 0.3937500000 0.5476562500 0.0750000000 0.0859375000
7 0.6523437500 0.7234375000 0.0265625000 0.1062500000
7 0.2632812500 0.7617187500 0.0328125000 0.0859375000
7 0.2757812500 0.8210937500 0.0359375000 0.1390625000
7 0.4937500000 0.7421875000 0.0312500000 0.1156250000
7 0.5148437500 0.7351562500 0.0296875000 0.1328125000
7 0.5390625000 0.7500000000 0.0312500000 0.1312500000
7 0.5906250000 0.7257812500 0.0437500000 0.1171875000
7 0.6046875000 0.6656250000 0.0375000000 0.0781250000
7 0.4062500000 0.7015625000 0.0281250000 0.1031250000
