7 0.8765625000 0.6664062500 0.2468750000 0.6671875000
10 0.1070312500 0.7906250000 0.2140625000 0.4187500000
7 0.7750000000 0.4671875000 0.0718750000 0.1312500000
7 0.6039062500 0.4070312500 0.0546875000 0.0734375000
7 0.5679687500 0.4007812500 0.0234375000 0.1078125000
10 0.7781250000 0.5984375000 0.1062500000 0.2125000000
10 0.6492187500 0.6023437500 0.0765625000 0.1890625000
10 0.5343750000 0.6171875000 0.1218750000 0.2250000000
10 0.3445312500 0.3984375000 0.1015625000 0.1562500000
10 0.1992187500 0.4375000000 0.1390625000 0.2218750000
8 0.1890625000 0.7070312500 0.3781250000 0.4703125000
8 0.5890625000 0.5828125000 0.4718750000 0.2500000000
7 0.7812500000 0.3664062500 0.0500000000 0.0953125000
