7 0.8546875000 0.5320312500 0.0937500000 0.2921875000
7 0.3710937500 0.4773437500 0.0390625000 0.1140625000
7 0.3414062500 0.4640625000 0.0640625000 0.1375000000
7 0.5968750000 0.4335937500 0.0656250000 0.1078125000
7 0.2343750000 0.4703125000 0.0531250000 0.1750000000
7 0.1468750000 0.4789062500 0.0656250000 0.1765625000
7 0.0695312500 0.4921875000 0.0609375000 0.1812500000
0 0.0445312500 0.8132812500 0.0890625000 0.3734375000
9 0.4945312500 0.4562500000 0.1234375000 0.1281250000
9 0.6757812500 0.4593750000 0.1703125000 0.1312500000
