1 0.2695312500 0.8484375000 0.1640625000 0.1718750000
1 0.3835937500 0.7796875000 0.1796875000 0.1687500000
1 0.9148437500 0.9226562500 0.1390625000 0.1390625000
1 0.8882812500 0.8343750000 0.1234375000 0.1187500000
1 0.8328125000 0.7804687500 0.0437500000 0.0953125000
1 0.7382812500 0.7281250000 0.1015625000 0.1000000000
1 0.7070312500 0.6757812500 0.0765625000 0.1328125000
1 0.6351562500 0.6617187500 0.1078125000 0.1296875000
1 0.3921875000 0.6648437500 0.0562500000 0.0796875000
9 0.1234375000 0.7414062500 0.1062500000 0.1484375000
9 0.0609375000 0.7632812500 0.1031250000 0.1890625000
9 0.2000000000 0.6875000000 0.0625000000 0.1093750000
9 0.2476562500 0.6437500000 0.0578125000 0.1406250000
9 0.3335937500 0.6492187500 0.0796875000 0.1078125000
9 0.9703125000 0.7562500000 0.0593750000 0.2062500000
9 0.8757812500 0.6546875000 0.1703125000 0.1968750000
