7 0.7609375000 0.6671875000 0.0687500000 0.1500000000
7 0.8484375000 0.6585937500 0.0812500000 0.1171875000
7 0.7335937500 0.6625000000 0.0609375000 0.1281250000
7 0.6750000000 0.6703125000 0.0687500000 0.1875000000
7 0.5585937500 0.6281250000 0.0578125000 0.1031250000
7 0.5007812500 0.6460937500 0.0640625000 0.1359375000
7 0.4382812500 0.6671875000 0.1234375000 0.1218750000
7 0.3414062500 0.6414062500 0.0828125000 0.1046875000
7 0.2578125000 0.6312500000 0.0718750000 0.0937500000
7 0.1210937500 0.6312500000 0.1265625000 0.0687500000
7 0.2515625000 0.7046875000 0.0593750000 0.0687500000
9 0.9039062500 0.6835937500 0.1921875000 0.1015625000
9 0.2968750000 0.7757812500 0.5937500000 0.2421875000
