5 0.9296875000 0.8195312500 0.1406250000 0.2421875000
5 0.7609375000 0.6726562500 0.1312500000 0.1765625000
5 0.5476562500 0.6617187500 0.1734375000 0.1890625000
5 0.6734375000 0.6578125000 0.1406250000 0.1531250000
5 0.8796875000 0.6007812500 0.0968750000 0.1484375000
7 0.1382812500 0.3507812500 0.2234375000 0.6953125000
7 0.3890625000 0.3820312500 0.2000000000 0.2328125000
7 0.5882812500 0.4234375000 0.1796875000 0.1843750000
7 0.8140625000 0.4203125000 0.2625000000 0.2656250000
2 0.4789062500 0.5257812500 0.1421875000 0.2453125000
2 0.6609375000 0.5117187500 0.1593750000 0.2609375000
