2 0.3664062500 0.6593750000 0.0578125000 0.1687500000
8 0.3195312500 0.8226562500 0.4390625000 0.2671875000
8 0.6101562500 0.6671875000 0.2328125000 0.2375000000
10 0.7109375000 0.7390625000 0.0875000000 0.2062500000
7 0.2101562500 0.5062500000 0.1359375000 0.3062500000
7 0.0328125000 0.4984375000 0.0656250000 0.2562500000
7 0.3171875000 0.5164062500 0.0781250000 0.1421875000
7 0.3718750000 0.4921875000 0.0718750000 0.1218750000
7 0.6289062500 0.5320312500 0.0828125000 0.1484375000
7 0.5781250000 0.5210937500 0.0406250000 0.1296875000
7 0.4851562500 0.5203125000 0.0734375000 0.1375000000
7 0.7507812500 0.5171875000 0.0546875000 0.1343750000
