0 0.5828125000 0.6585937500 0.2656250000 0.1515625000
0 0.2671875000 0.5976562500 0.1218750000 0.1390625000
0 0.3984375000 0.5367187500 0.0843750000 0.1390625000
0 0.0734375000 0.6234375000 0.1468750000 0.2312500000
7 0.1914062500 0.4992187500 0.0484375000 0.2828125000
7 0.0968750000 0.4906250000 0.0687500000 0.1718750000
7 0.2890625000 0.4679687500 0.0562500000 0.1796875000
7 0.4265625000 0.4625000000 0.0531250000 0.1937500000
7 0.5046875000 0.4835937500 0.0718750000 0.2203125000
7 0.7882812500 0.5718750000 0.1421875000 0.3687500000
