2 0.0476562500 0.6648437500 0.0734375000 0.4484375000
2 0.1515625000 0.7609375000 0.1593750000 0.4781250000
2 0.2281250000 0.6023437500 0.1000000000 0.2484375000
2 0.3265625000 0.6539062500 0.1218750000 0.4484375000
2 0.4101562500 0.5773437500 0.0984375000 0.2734375000
2 0.4468750000 0.6843750000 0.1375000000 0.3468750000
2 0.6031250000 0.7187500000 0.0781250000 0.3312500000
2 0.6312500000 0.5468750000 0.0625000000 0.2406250000
2 0.6828125000 0.5492187500 0.0843750000 0.1953125000
2 0.6953125000 0.7375000000 0.1093750000 0.3281250000
2 0.7390625000 0.5632812500 0.1000000000 0.1640625000
2 0.8234375000 0.5679687500 0.0781250000 0.1828125000
2 0.9242187500 0.6382812500 0.1203125000 0.2171875000
