6 0.8718750000 0.6750000000 0.1968750000 0.2343750000
6 0.7289062500 0.6789062500 0.1390625000 0.2484375000
6 0.5960937500 0.6976562500 0.1609375000 0.2171875000
6 0.4210937500 0.7085937500 0.1328125000 0.2109375000
6 0.3195312500 0.6710937500 0.1109375000 0.2203125000
6 0.2406250000 0.6828125000 0.0875000000 0.2281250000
6 0.1781250000 0.6789062500 0.0687500000 0.2390625000
6 0.1023437500 0.6640625000 0.0671875000 0.1781250000
6 0.0265625000 0.7320312500 0.0531250000 0.2015625000
7 0.0507812500 0.5820312500 0.0546875000 0.1546875000
7 0.0828125000 0.5539062500 0.0375000000 0.1265625000
7 0.4093750000 0.5625000000 0.0781250000 0.1187500000
