9 0.7875000000 0.8726562500 0.3906250000 0.2484375000
9 0.8687500000 0.7476562500 0.2625000000 0.1671875000
9 0.4406250000 0.7929687500 0.1625000000 0.1796875000
9 0.5929687500 0.7578125000 0.1453125000 0.1343750000
3 0.2984375000 0.6578125000 0.2906250000 0.3000000000
7 0.2531250000 0.7859375000 0.0968750000 0.2406250000
7 0.2367187500 0.7945312500 0.0546875000 0.2046875000
7 0.1976562500 0.7656250000 0.0734375000 0.1843750000
7 0.1320312500 0.7429687500 0.0578125000 0.1359375000
7 0.6968750000 0.6804687500 0.0625000000 0.1359375000
