2 0.3960937500 0.6898437500 0.0828125000 0.2953125000
5 0.3289062500 0.8585937500 0.1609375000 0.2828125000
5 0.1875000000 0.8546875000 0.0906250000 0.2906250000
5 0.0695312500 0.8890625000 0.1390625000 0.2000000000
5 0.5195312500 0.8539062500 0.1359375000 0.2921875000
5 0.5726562500 0.7203125000 0.0796875000 0.1625000000
5 0.4570312500 0.6484375000 0.0703125000 0.1843750000
5 0.5468750000 0.5640625000 0.0687500000 0.1187500000
5 0.6625000000 0.6921875000 0.0718750000 0.1125000000
7 0.9039062500 0.6726562500 0.1921875000 0.6546875000
7 0.1328125000 0.5375000000 0.2656250000 0.5125000000
7 0.3281250000 0.4687500000 0.1531250000 0.3843750000
7 0.4781250000 0.4359375000 0.1250000000 0.2593750000
7 0.5664062500 0.4093750000 0.0953125000 0.2500000000
7 0.8093750000 0.4382812500 0.3593750000 0.4515625000
