7 0.7031250000 0.8351562500 0.0937500000 0.3296875000
7 0.6054687500 0.8078125000 0.1046875000 0.3843750000
7 0.5023437500 0.7773437500 0.0984375000 0.2546875000
7 0.3734375000 0.7257812500 0.0625000000 0.2359375000
7 0.3390625000 0.7632812500 0.0562500000 0.2109375000
7 0.2789062500 0.7625000000 0.0859375000 0.2375000000
7 0.1648437500 0.7414062500 0.0734375000 0.2578125000
7 0.4687500000 0.7179687500 0.0343750000 0.1140625000
7 0.4351562500 0.7484375000 0.0578125000 0.1781250000
7 0.8500000000 0.7015625000 0.0343750000 0.0656250000
