1 0.6539062500 0.8343750000 0.5015625000 0.3312500000
1 0.7210937500 0.7445312500 0.2015625000 0.2203125000
1 0.8562500000 0.6601562500 0.2562500000 0.1734375000
1 0.9085937500 0.5820312500 0.1828125000 0.1578125000
1 0.6054687500 0.6007812500 0.1671875000 0.1703125000
1 0.7046875000 0.5328125000 0.1468750000 0.1875000000
1 0.3757812500 0.6578125000 0.3203125000 0.2031250000
1 0.1875000000 0.5664062500 0.1750000000 0.1609375000
1 0.4203125000 0.3882812500 0.0656250000 0.1109375000
1 0.3835937500 0.4117187500 0.0421875000 0.0765625000
1 0.2796875000 0.4140625000 0.0968750000 0.1062500000
1 0.2148437500 0.4070312500 0.0796875000 0.0890625000
1 0.1304687500 0.4125000000 0.0953125000 0.0875000000
1 0.5898437500 0.4875000000 0.1703125000 0.1125000000
