7 0.2726562500 0.5539062500 0.1859375000 0.8390625000
7 0.9343750000 0.3195312500 0.0625000000 0.1140625000
6 0.2843750000 0.6890625000 0.5687500000 0.4625000000
6 0.9359375000 0.3921875000 0.1156250000 0.1062500000
9 0.8226562500 0.3328125000 0.0859375000 0.1250000000
9 0.6867187500 0.3437500000 0.1953125000 0.2625000000
9 0.4843750000 0.3789062500 0.2843750000 0.2453125000
6 0.0984375000 0.3210937500 0.0625000000 0.1328125000
6 0.1585937500 0.3304687500 0.0453125000 0.0765625000
7 0.1578125000 0.2640625000 0.0187500000 0.0656250000
