5 0.9140625000 0.9117187500 0.1281250000 0.1546875000
5 0.9000000000 0.7734375000 0.0718750000 0.1281250000
5 0.9296875000 0.6757812500 0.0593750000 0.1390625000
5 0.8734375000 0.6273437500 0.0531250000 0.0890625000
7 0.9648437500 0.3562500000 0.0703125000 0.6031250000
7 0.7195312500 0.4367187500 0.1046875000 0.5421875000
7 0.6671875000 0.4218750000 0.1125000000 0.4937500000
7 0.6015625000 0.3742187500 0.1406250000 0.5171875000
7 0.5335937500 0.5250000000 0.1765625000 0.8500000000
7 0.3171875000 0.5281250000 0.1593750000 0.9437500000
7 0.1257812500 0.5085937500 0.2515625000 0.9828125000
8 0.8210937500 0.8117187500 0.3578125000 0.3765625000
