1 0.5132812500 0.7382812500 0.1484375000 0.1484375000
1 0.5671875000 0.6617187500 0.1125000000 0.1046875000
1 0.6242187500 0.6304687500 0.0953125000 0.0578125000
1 0.8148437500 0.6820312500 0.0921875000 0.0953125000
1 0.7726562500 0.6218750000 0.0453125000 0.0750000000
9 0.4570312500 0.5859375000 0.0640625000 0.0968750000
9 0.5070312500 0.5789062500 0.0765625000 0.0921875000
9 0.5640625000 0.5835937500 0.0531250000 0.0703125000
9 0.8812500000 0.6046875000 0.0375000000 0.0656250000
9 0.9664062500 0.6617187500 0.0671875000 0.1390625000
9 0.8492187500 0.5968750000 0.0390625000 0.0656250000
9 0.8085937500 0.5796875000 0.0546875000 0.0812500000
0 0.0398437500 0.6625000000 0.0796875000 0.2468750000
0 0.0773437500 0.6726562500 0.0953125000 0.1859375000
0 0.1656250000 0.6640625000 0.1218750000 0.2281250000
0 0.2679687500 0.6656250000 0.1546875000 0.1843750000
0 0.3523437500 0.6445312500 0.0640625000 0.1109375000
0 0.4085937500 0.6281250000 0.0484375000 0.1312500000
