9 0.6546875000 0.9125000000 0.1968750000 0.1750000000
9 0.4914062500 0.9226562500 0.1546875000 0.1546875000
9 0.1632812500 0.9015625000 0.1390625000 0.1968750000
9 0.0328125000 0.9304687500 0.0656250000 0.1359375000
7 0.3625000000 0.9343750000 0.0531250000 0.1312500000
7 0.4117187500 0.9007812500 0.0484375000 0.1078125000
7 0.7578125000 0.8906250000 0.0625000000 0.2187500000
7 0.8351562500 0.8960937500 0.0546875000 0.2015625000
7 0.8968750000 0.9273437500 0.0437500000 0.1453125000
7 0.9437500000 0.8789062500 0.0718750000 0.2421875000
