7 0.5398437500 0.5578125000 0.0734375000 0.2187500000
4 0.0773437500 0.7726562500 0.1546875000 0.1640625000
4 0.2148437500 0.7921875000 0.0953125000 0.1312500000
4 0.3671875000 0.8101562500 0.1187500000 0.1234375000
4 0.6179687500 0.7757812500 0.1046875000 0.1890625000
4 0.7578125000 0.8179687500 0.0843750000 0.1578125000
4 0.9250000000 0.7960937500 0.1250000000 0.1140625000
4 0.6851562500 0.7054687500 0.0671875000 0.0890625000
4 0.4796875000 0.6906250000 0.0531250000 0.0656250000
4 0.6226562500 0.6789062500 0.0578125000 0.0703125000
4 0.2859375000 0.7093750000 0.0718750000 0.0718750000
4 0.2140625000 0.7093750000 0.0781250000 0.0812500000
