7 0.1375000000 0.5007812500 0.2750000000 0.9921875000
7 0.4085937500 0.1523437500 0.2203125000 0.3046875000
7 0.8578125000 0.7250000000 0.2843750000 0.4781250000
5 0.5726562500 0.2500000000 0.0546875000 0.1750000000
5 0.6578125000 0.2429687500 0.0500000000 0.3140625000
5 0.7140625000 0.2992187500 0.0468750000 0.1109375000
5 0.7328125000 0.4382812500 0.0750000000 0.1515625000
5 0.8820312500 0.1398437500 0.0484375000 0.1328125000
5 0.8148437500 0.2148437500 0.0578125000 0.1484375000
5 0.6953125000 0.1203125000 0.0750000000 0.1750000000
