6 0.7867187500 0.7203125000 0.1484375000 0.5593750000
6 0.6890625000 0.7070312500 0.1718750000 0.5859375000
6 0.3179687500 0.5953125000 0.2296875000 0.4000000000
6 0.0703125000 0.7312500000 0.1312500000 0.5000000000
6 0.6132812500 0.4984375000 0.1453125000 0.3437500000
7 0.6843750000 0.2859375000 0.0906250000 0.1937500000
7 0.5273437500 0.3250000000 0.1015625000 0.2468750000
6 0.4312500000 0.4007812500 0.1218750000 0.1796875000
9 0.1351562500 0.4343750000 0.2703125000 0.3656250000
9 0.3718750000 0.2976562500 0.1656250000 0.2046875000
9 0.4226562500 0.2742187500 0.1171875000 0.1578125000
