5 0.5796875000 0.6507812500 0.2375000000 0.2921875000
5 0.4343750000 0.4679687500 0.1593750000 0.1265625000
5 0.6007812500 0.4453125000 0.1390625000 0.1625000000
5 0.4070312500 0.3500000000 0.2453125000 0.0875000000
5 0.1898437500 0.3859375000 0.1984375000 0.0593750000
5 0.5726562500 0.4257812500 0.1015625000 0.1234375000
5 0.6882812500 0.4000000000 0.1328125000 0.1125000000
5 0.3015625000 0.7539062500 0.4343750000 0.2015625000
5 0.2390625000 0.6023437500 0.2125000000 0.1484375000
5 0.0750000000 0.7328125000 0.1437500000 0.2718750000
7 0.3789062500 0.2109375000 0.1703125000 0.2906250000
7 0.7992187500 0.2531250000 0.2578125000 0.3843750000
