7 0.8265625000 0.5000000000 0.3468750000 1.0000000000
7 0.6359375000 0.5039062500 0.2062500000 0.9921875000
7 0.5492187500 0.4945312500 0.1171875000 0.8109375000
7 0.4468750000 0.4843750000 0.1500000000 0.8781250000
7 0.3726562500 0.2843750000 0.1015625000 0.5687500000
7 0.1148437500 0.2656250000 0.2296875000 0.5312500000
5 0.1898437500 0.5250000000 0.0765625000 0.0843750000
5 0.2203125000 0.6093750000 0.1000000000 0.1218750000
5 0.2851562500 0.6960937500 0.0859375000 0.1046875000
5 0.2796875000 0.8023437500 0.0968750000 0.1234375000
8 0.2039062500 0.7210937500 0.4078125000 0.5578125000
