7 0.7664062500 0.5914062500 0.1828125000 0.8171875000
7 0.4164062500 0.6437500000 0.1546875000 0.6031250000
7 0.0718750000 0.6335937500 0.1093750000 0.5234375000
7 0.0335937500 0.7710937500 0.0671875000 0.3109375000
7 0.4976562500 0.5742187500 0.0640625000 0.3578125000
7 0.4648437500 0.5437500000 0.0703125000 0.3656250000
7 0.5890625000 0.5625000000 0.1000000000 0.4875000000
7 0.8398437500 0.3039062500 0.0453125000 0.1015625000
7 0.6882812500 0.5031250000 0.0609375000 0.3468750000
7 0.9804687500 0.8171875000 0.0390625000 0.3656250000
