5 0.2843750000 0.6554687500 0.2093750000 0.5671875000
2 0.9515625000 0.3976562500 0.0687500000 0.1953125000
2 0.9085937500 0.3828125000 0.0515625000 0.2125000000
2 0.8562500000 0.4023437500 0.0531250000 0.2296875000
2 0.8078125000 0.3929687500 0.0625000000 0.1796875000
2 0.7562500000 0.3937500000 0.0437500000 0.2031250000
2 0.7117187500 0.3687500000 0.0359375000 0.2000000000
2 0.6585937500 0.3710937500 0.0578125000 0.2515625000
2 0.6132812500 0.3601562500 0.0546875000 0.2046875000
2 0.5703125000 0.3726562500 0.0625000000 0.2234375000
2 0.5250000000 0.3656250000 0.0468750000 0.2156250000
2 0.4945312500 0.3554687500 0.0453125000 0.2078125000
2 0.4562500000 0.3445312500 0.0500000000 0.2203125000
2 0.4132812500 0.3445312500 0.0671875000 0.2078125000
8 0.4937500000 0.8460937500 0.9875000000 0.3046875000
