6 0.0679687500 0.7265625000 0.1265625000 0.3343750000
6 0.2507812500 0.6367187500 0.2265625000 0.3421875000
6 0.3882812500 0.6164062500 0.1890625000 0.3359375000
6 0.5039062500 0.5898437500 0.1546875000 0.3140625000
6 0.8945312500 0.5992187500 0.1296875000 0.2734375000
6 0.8296875000 0.5632812500 0.1437500000 0.1921875000
6 0.7546875000 0.5093750000 0.0781250000 0.1187500000
6 0.7242187500 0.5062500000 0.0765625000 0.1125000000
6 0.6875000000 0.4812500000 0.0625000000 0.0968750000
6 0.6242187500 0.4679687500 0.0703125000 0.0984375000
6 0.5523437500 0.4625000000 0.0640625000 0.0968750000
