2 0.8703125000 0.5843750000 0.0718750000 0.2437500000
2 0.7851562500 0.5609375000 0.0515625000 0.2656250000
2 0.7085937500 0.5703125000 0.0546875000 0.2656250000
2 0.6242187500 0.5640625000 0.0640625000 0.3062500000
2 0.5429687500 0.5679687500 0.0671875000 0.2953125000
2 0.4695312500 0.5476562500 0.0703125000 0.2546875000
2 0.3835937500 0.5429687500 0.0671875000 0.2578125000
2 0.3031250000 0.5656250000 0.0781250000 0.2781250000
2 0.2195312500 0.5390625000 0.0703125000 0.2687500000
2 0.1570312500 0.5343750000 0.0671875000 0.2406250000
