7 0.5148437500 0.6867187500 0.0765625000 0.3234375000
7 0.4335937500 0.6414062500 0.0890625000 0.2109375000
7 0.3382812500 0.5617187500 0.0578125000 0.2109375000
7 0.2625000000 0.5773437500 0.0625000000 0.2203125000
7 0.2367187500 0.4835937500 0.0640625000 0.2546875000
7 0.1351562500 0.5265625000 0.0734375000 0.2406250000
7 0.7953125000 0.7710937500 0.0812500000 0.3546875000
7 0.9546875000 0.6703125000 0.0906250000 0.3062500000
7 0.8781250000 0.6148437500 0.0968750000 0.2484375000
7 0.7367187500 0.5687500000 0.0921875000 0.2406250000
7 0.6531250000 0.5664062500 0.0875000000 0.2234375000
7 0.5906250000 0.5500000000 0.0843750000 0.1937500000
7 0.5031250000 0.5218750000 0.0656250000 0.1500000000
7 0.4312500000 0.5195312500 0.0812500000 0.1671875000
10 0.9359375000 0.8875000000 0.1281250000 0.2250000000
