6 0.5164062500 0.7773437500 0.4734375000 0.4453125000
6 0.0570312500 0.7632812500 0.1140625000 0.3921875000
6 0.1335937500 0.6804687500 0.1078125000 0.2859375000
6 0.2031250000 0.5984375000 0.0968750000 0.2500000000
6 0.7687500000 0.5984375000 0.2406250000 0.3281250000
6 0.9445312500 0.7250000000 0.1109375000 0.4187500000
7 0.4070312500 0.4398437500 0.1140625000 0.3921875000
7 0.0890625000 0.4929687500 0.0593750000 0.1765625000
7 0.2968750000 0.5046875000 0.0875000000 0.3437500000
7 0.6195312500 0.6914062500 0.1953125000 0.5453125000
7 0.7695312500 0.4679687500 0.0546875000 0.1484375000
7 0.8445312500 0.4750000000 0.0640625000 0.1937500000
7 0.9703125000 0.4539062500 0.0593750000 0.2515625000
7 0.7257812500 0.4539062500 0.0421875000 0.1359375000
7 0.6937500000 0.4484375000 0.0375000000 0.1343750000
7 0.6765625000 0.4460937500 0.0406250000 0.1328125000
7 0.0296875000 0.4781250000 0.0593750000 0.1718750000
7 0.1570312500 0.4718750000 0.0359375000 0.1250000000
