9 0.4367187500 0.4101562500 0.1703125000 0.1234375000
4 0.5148437500 0.6335937500 0.0703125000 0.0921875000
4 0.4148437500 0.4718750000 0.0484375000 0.0718750000
4 0.5351562500 0.4953125000 0.0640625000 0.0500000000
4 0.6828125000 0.4375000000 0.0468750000 0.0625000000
4 0.2226562500 0.4898437500 0.0515625000 0.0734375000
4 0.2648437500 0.5039062500 0.0484375000 0.0640625000
4 0.4632812500 0.4234375000 0.0296875000 0.0531250000
4 0.4023437500 0.4281250000 0.0328125000 0.0562500000
4 0.3390625000 0.4335937500 0.0406250000 0.0703125000
