8 0.6273437500 0.8945312500 0.7453125000 0.2109375000
2 0.3625000000 0.7820312500 0.0500000000 0.2109375000
2 0.5539062500 0.7531250000 0.0546875000 0.2187500000
2 0.5960937500 0.7765625000 0.0328125000 0.1687500000
7 0.1039062500 0.6789062500 0.0921875000 0.5640625000
7 0.1750000000 0.5101562500 0.0843750000 0.3421875000
7 0.0507812500 0.5429687500 0.1015625000 0.4171875000
7 0.2773437500 0.5742187500 0.1171875000 0.3984375000
7 0.3406250000 0.6000000000 0.0656250000 0.3750000000
7 0.3890625000 0.5953125000 0.0343750000 0.3500000000
7 0.4476562500 0.5367187500 0.0671875000 0.3609375000
7 0.5367187500 0.5429687500 0.0703125000 0.2015625000
7 0.5906250000 0.5500000000 0.0562500000 0.2625000000
7 0.6703125000 0.5476562500 0.0718750000 0.4359375000
10 0.2039062500 0.8796875000 0.1359375000 0.2406250000
