6 0.3679687500 0.6062500000 0.1796875000 0.2125000000
6 0.6078125000 0.6015625000 0.1500000000 0.1375000000
6 0.8085937500 0.5820312500 0.1765625000 0.1046875000
7 0.6171875000 0.4796875000 0.0625000000 0.1750000000
7 0.3539062500 0.5156250000 0.0703125000 0.2187500000
7 0.3890625000 0.3429687500 0.0500000000 0.1671875000
7 0.3617187500 0.3507812500 0.0421875000 0.1546875000
7 0.3328125000 0.3500000000 0.0437500000 0.1500000000
7 0.2843750000 0.1890625000 0.0531250000 0.1656250000
7 0.3273437500 0.1718750000 0.0453125000 0.1656250000
7 0.3593750000 0.1875000000 0.0468750000 0.1468750000
7 0.3851562500 0.1640625000 0.0390625000 0.1593750000
7 0.4234375000 0.1882812500 0.0375000000 0.1921875000
7 0.5656250000 0.2375000000 0.0625000000 0.1562500000
7 0.5242187500 0.2929687500 0.0421875000 0.2140625000
